     1,     3,  2008,   180, rows ,   360, colum,ns
 -1000, -1000, -1000, -1000, -1000, -1000, -1000, -1000, -1000, -1000, -1000, -1000, -1000, -1000, -1000, -1000, -1000, -1000, -1000, -1000, -1000, -1000, -1000, -1000, -1000, -1000, -1000, -1000, -1000, -1000, -1000, -1000, -1000, -1000, -1000, -1000, -1000, -1000, -1000, -1000, -1000, -1000, -1000, -1000, -1000, -1000, -1000, -1000, -1000, -1000, -1000, -1000, -1000, -1000, -1000, -1000, -1000, -1000, -1000, -1000, -1000, -1000, -1000, -1000, -1000, -1000, -1000, -1000, -1000, -1000, -1000, -1000, -1000, -1000, -1000, -1000, -1000, -1000, -1000, -1000, -1000, -1000, -1000, -1000, -1000, -1000, -1000, -1000, -1000, -1000, -1000, -1000, -1000, -1000, -1000, -1000, -1000, -1000, -1000, -1000, -1000, -1000, -1000, -1000, -1000, -1000, -1000, -1000, -1000, -1000, -1000, -1000, -1000, -1000, -1000, -1000, -1000, -1000, -1000, -1000, -1000, -1000, -1000, -1000, -1000, -1000, -1000, -1000, -1000, -1000, -1000, -1000, -1000, -1000, -1000, -1000, -1000, -1000, -1000, -1000, -1000, -1000, -1000, -1000, -1000, -1000, -1000, -1000, -1000, -1000, -1000, -1000, -1000, -1000, -1000, -1000, -1000, -1000, -1000, -1000, -1000, -1000, -1000, -1000, -1000, -1000, -1000, -1000, -1000, -1000, -1000, -1000, -1000, -1000, -1000, -1000, -1000, -1000, -1000, -1000, -1000, -1000, -1000, -1000, -1000, -1000, -1000, -1000, -1000, -1000, -1000, -1000, -1000, -1000, -1000, -1000, -1000, -1000, -1000, -1000, -1000, -1000, -1000, -1000, -1000, -1000, -1000, -1000, -1000, -1000, -1000, -1000, -1000, -1000, -1000, -1000, -1000, -1000, -1000, -1000, -1000, -1000, -1000, -1000, -1000, -1000, -1000, -1000, -1000, -1000, -1000, -1000, -1000, -1000, -1000, -1000, -1000, -1000, -1000, -1000, -1000, -1000, -1000, -1000, -1000, -1000, -1000, -1000, -1000, -1000, -1000, -1000, -1000, -1000, -1000, -1000, -1000, -1000, -1000, -1000, -1000, -1000, -1000, -1000, -1000, -1000, -1000, -1000, -1000, -1000, -1000, -1000, -1000, -1000, -1000, -1000, -1000, -1000, -1000, -1000, -1000, -1000, -1000, -1000, -1000, -1000, -1000, -1000, -1000, -1000, -1000, -1000, -1000, -1000, -1000, -1000, -1000, -1000, -1000, -1000, -1000, -1000, -1000, -1000, -1000, -1000, -1000, -1000, -1000, -1000, -1000, -1000, -1000, -1000, -1000, -1000, -1000, -1000, -1000, -1000, -1000, -1000, -1000, -1000, -1000, -1000, -1000, -1000, -1000, -1000, -1000, -1000, -1000, -1000, -1000, -1000, -1000, -1000, -1000, -1000, -1000, -1000, -1000, -1000, -1000, -1000, -1000, -1000, -1000, -1000, -1000, -1000, -1000, -1000, -1000, -1000, -1000, -1000, -1000, -1000,
 -1000, -1000, -1000, -1000, -1000, -1000, -1000, -1000, -1000, -1000, -1000, -1000, -1000, -1000, -1000, -1000, -1000, -1000, -1000, -1000, -1000, -1000, -1000, -1000, -1000, -1000, -1000, -1000, -1000, -1000, -1000, -1000, -1000, -1000, -1000, -1000, -1000, -1000, -1000, -1000, -1000, -1000, -1000, -1000, -1000, -1000, -1000, -1000, -1000, -1000, -1000, -1000, -1000, -1000, -1000, -1000, -1000, -1000, -1000, -1000, -1000, -1000, -1000, -1000, -1000, -1000, -1000, -1000, -1000, -1000, -1000, -1000, -1000, -1000, -1000, -1000, -1000, -1000, -1000, -1000, -1000, -1000, -1000, -1000, -1000, -1000, -1000, -1000, -1000, -1000, -1000, -1000, -1000, -1000, -1000, -1000, -1000, -1000, -1000, -1000, -1000, -1000, -1000, -1000, -1000, -1000, -1000, -1000, -1000, -1000, -1000, -1000, -1000, -1000, -1000, -1000, -1000, -1000, -1000, -1000, -1000, -1000, -1000, -1000, -1000, -1000, -1000, -1000, -1000, -1000, -1000, -1000, -1000, -1000, -1000, -1000, -1000, -1000, -1000, -1000, -1000, -1000, -1000, -1000, -1000, -1000, -1000, -1000, -1000, -1000, -1000, -1000, -1000, -1000, -1000, -1000, -1000, -1000, -1000, -1000, -1000, -1000, -1000, -1000, -1000, -1000, -1000, -1000, -1000, -1000, -1000, -1000, -1000, -1000, -1000, -1000, -1000, -1000, -1000, -1000, -1000, -1000, -1000, -1000, -1000, -1000, -1000, -1000, -1000, -1000, -1000, -1000, -1000, -1000, -1000, -1000, -1000, -1000, -1000, -1000, -1000, -1000, -1000, -1000, -1000, -1000, -1000, -1000, -1000, -1000, -1000, -1000, -1000, -1000, -1000, -1000, -1000, -1000, -1000, -1000, -1000, -1000, -1000, -1000, -1000, -1000, -1000, -1000, -1000, -1000, -1000, -1000, -1000, -1000, -1000, -1000, -1000, -1000, -1000, -1000, -1000, -1000, -1000, -1000, -1000, -1000, -1000, -1000, -1000, -1000, -1000, -1000, -1000, -1000, -1000, -1000, -1000, -1000, -1000, -1000, -1000, -1000, -1000, -1000, -1000, -1000, -1000, -1000, -1000, -1000, -1000, -1000, -1000, -1000, -1000, -1000, -1000, -1000, -1000, -1000, -1000, -1000, -1000, -1000, -1000, -1000, -1000, -1000, -1000, -1000, -1000, -1000, -1000, -1000, -1000, -1000, -1000, -1000, -1000, -1000, -1000, -1000, -1000, -1000, -1000, -1000, -1000, -1000, -1000, -1000, -1000, -1000, -1000, -1000, -1000, -1000, -1000, -1000, -1000, -1000, -1000, -1000, -1000, -1000, -1000, -1000, -1000, -1000, -1000, -1000, -1000, -1000, -1000, -1000, -1000, -1000, -1000, -1000, -1000, -1000, -1000, -1000, -1000, -1000, -1000, -1000, -1000, -1000, -1000, -1000, -1000, -1000, -1000, -1000, -1000, -1000, -1000, -1000, -1000, -1000,
 -1000, -1000, -1000, -1000, -1000, -1000, -1000, -1000,  -180,  -180, -1000,  -180, -1000, -1000, -1000, -1000, -1000, -1000, -1000, -1000, -1000, -1000, -1000, -1000, -1000, -1000, -1000, -1000, -1000, -1000, -1000, -1000, -1000, -1000, -1000, -1000, -1000, -1000, -1000, -1000, -1000, -1000, -1000, -1000, -1000, -1000, -1000, -1000, -1000, -1000, -1000, -1000, -1000, -1000, -1000, -1000, -1000, -1000, -1000, -1000, -1000, -1000, -1000, -1000, -1000, -1000, -1000, -1000, -1000, -1000, -1000, -1000, -1000, -1000, -1000, -1000, -1000, -1000, -1000, -1000, -1000, -1000, -1000, -1000, -1000, -1000, -1000, -1000, -1000, -1000, -1000, -1000, -1000, -1000, -1000, -1000, -1000, -1000, -1000, -1000, -1000, -1000, -1000, -1000, -1000, -1000, -1000, -1000, -1000, -1000, -1000, -1000, -1000, -1000, -1000, -1000, -1000, -1000, -1000, -1000, -1000, -1000, -1000, -1000, -1000, -1000, -1000, -1000, -1000, -1000, -1000, -1000, -1000, -1000,  -180, -1000,  -180,  -180,  -180, -1000,  -180,  -180,  -180,  -180,  -180,  -180,  -180,  -180,  -180,  -180,  -180,  -180,  -180,  -180,  -180,  -180,  -180,  -180,  -180,  -180,  -180,  -180,  -180,  -180,  -180,  -180, -1000, -1000, -1000, -1000, -1000, -1000, -1000, -1000, -1000, -1000, -1000, -1000, -1000, -1000, -1000, -1000, -1000, -1000, -1000, -1000, -1000, -1000, -1000, -1000, -1000, -1000, -1000, -1000, -1000, -1000, -1000, -1000, -1000, -1000, -1000, -1000, -1000, -1000, -1000, -1000, -1000, -1000, -1000, -1000, -1000, -1000, -1000, -1000, -1000, -1000, -1000, -1000, -1000, -1000, -1000, -1000, -1000, -1000, -1000, -1000, -1000, -1000, -1000, -1000, -1000, -1000, -1000, -1000, -1000, -1000, -1000, -1000, -1000, -1000, -1000, -1000, -1000, -1000, -1000, -1000, -1000, -1000, -1000, -1000, -1000, -1000, -1000, -1000, -1000, -1000, -1000, -1000, -1000, -1000, -1000, -1000, -1000, -1000, -1000, -1000, -1000, -1000, -1000, -1000, -1000, -1000, -1000, -1000, -1000, -1000, -1000, -1000, -1000, -1000, -1000, -1000, -1000, -1000, -1000, -1000, -1000, -1000, -1000, -1000, -1000, -1000, -1000, -1000, -1000, -1000, -1000, -1000, -1000, -1000, -1000,  -180,  -180,  -180,  -180,  -180,  -180,  -180,  -180,  -180, -1000, -1000,  -180, -1000,  -180,  -180, -1000,  -180,  -180, -1000, -1000, -1000, -1000, -1000, -1000, -1000, -1000, -1000,  -180, -1000, -1000, -1000, -1000, -1000, -1000, -1000, -1000, -1000, -1000, -1000, -1000, -1000, -1000, -1000, -1000,  -180, -1000, -1000, -1000, -1000, -1000, -1000, -1000, -1000, -1000, -1000, -1000, -1000, -1000, -1000,
 -1000,  -180,  -180, -1000,  -180, -1000, -1000, -1000, -1000, -1000, -1000, -1000, -1000, -1000, -1000, -1000, -1000, -1000, -1000, -1000, -1000, -1000, -1000, -1000, -1000, -1000, -1000, -1000, -1000, -1000, -1000, -1000, -1000, -1000, -1000, -1000, -1000, -1000, -1000, -1000, -1000, -1000, -1000, -1000, -1000, -1000, -1000, -1000, -1000, -1000, -1000, -1000, -1000, -1000, -1000, -1000, -1000, -1000, -1000, -1000, -1000, -1000, -1000, -1000, -1000, -1000, -1000, -1000, -1000, -1000, -1000, -1000, -1000, -1000, -1000, -1000, -1000, -1000, -1000, -1000, -1000, -1000, -1000, -1000, -1000, -1000, -1000, -1000, -1000, -1000, -1000, -1000, -1000, -1000, -1000, -1000, -1000, -1000, -1000, -1000, -1000, -1000, -1000, -1000, -1000, -1000, -1000, -1000, -1000, -1000, -1000, -1000, -1000, -1000, -1000, -1000, -1000, -1000, -1000, -1000, -1000, -1000, -1000, -1000, -1000, -1000, -1000, -1000, -1000, -1000, -1000, -1000, -1000, -1000, -1000, -1000, -1000, -1000, -1000,  -180,  -180,  -180,  -180,  -180,  -180,  -180,  -180,  -180,  -180,  -180,  -180,  -180,  -180,  -180,  -180,  -180,  -180,  -180,  -180,  -180,  -180, -1000, -1000, -1000, -1000, -1000, -1000, -1000, -1000, -1000, -1000, -1000, -1000, -1000, -1000, -1000, -1000, -1000, -1000, -1000, -1000, -1000, -1000,  -180, -1000,  -180,  -180,  -180,  -180,  -180,  -180,  -180,  -180,  -180,  -180,  -180,  -180,  -180,  -180,  -180,  -180,  -180,  -180, -1000, -1000, -1000, -1000, -1000, -1000, -1000, -1000, -1000, -1000, -1000, -1000, -1000, -1000, -1000, -1000, -1000, -1000, -1000, -1000, -1000, -1000, -1000, -1000, -1000, -1000, -1000, -1000, -1000, -1000, -1000, -1000, -1000, -1000, -1000, -1000, -1000, -1000, -1000, -1000, -1000, -1000, -1000, -1000, -1000, -1000, -1000, -1000, -1000, -1000, -1000, -1000, -1000, -1000, -1000, -1000, -1000, -1000, -1000, -1000, -1000, -1000, -1000, -1000, -1000, -1000, -1000, -1000, -1000, -1000, -1000, -1000, -1000, -1000, -1000, -1000, -1000, -1000, -1000, -1000, -1000, -1000, -1000, -1000, -1000, -1000, -1000, -1000, -1000, -1000, -1000, -1000, -1000, -1000, -1000, -1000, -1000, -1000, -1000, -1000, -1000, -1000, -1000,  -180,  -180,  -180,  -180,  -180,  -180,  -180,  -180,  -180,  -180,  -180,  -180, -1000, -1000,  -180,  -180,  -180,  -180,  -180,  -180,  -180,  -180,  -180,  -180,  -180, -1000,  -180,  -180,  -180,  -180,  -180,  -180,  -180,  -180,  -180,  -180, -1000,  -180,  -180,  -180,  -180,  -180,  -180,  -180,  -180,  -180,  -180,  -180,  -180,  -180, -1000,  -180, -1000, -1000,
 -1000, -1000, -1000, -1000, -1000, -1000, -1000, -1000, -1000, -1000, -1000, -1000,  -180, -1000,  -180,  -180,  -180, -1000,  -180,  -180,  -180, -1000, -1000, -1000, -1000, -1000, -1000, -1000, -1000, -1000, -1000, -1000, -1000, -1000, -1000, -1000, -1000, -1000, -1000, -1000, -1000, -1000, -1000, -1000, -1000, -1000, -1000, -1000, -1000, -1000, -1000, -1000, -1000, -1000, -1000, -1000, -1000, -1000, -1000, -1000, -1000, -1000, -1000, -1000, -1000, -1000, -1000, -1000, -1000, -1000, -1000, -1000, -1000, -1000, -1000, -1000, -1000, -1000, -1000, -1000, -1000, -1000, -1000, -1000, -1000, -1000, -1000, -1000, -1000, -1000, -1000, -1000, -1000, -1000, -1000, -1000, -1000, -1000, -1000, -1000, -1000, -1000, -1000, -1000, -1000, -1000, -1000, -1000, -1000, -1000, -1000, -1000, -1000, -1000, -1000, -1000, -1000, -1000, -1000, -1000, -1000, -1000, -1000, -1000, -1000, -1000, -1000, -1000, -1000, -1000, -1000, -1000, -1000, -1000, -1000, -1000, -1000, -1000, -1000, -1000, -1000, -1000, -1000, -1000, -1000, -1000, -1000, -1000,  -180,  -180, -1000, -1000, -1000, -1000, -1000, -1000, -1000, -1000, -1000, -1000, -1000, -1000, -1000, -1000, -1000, -1000, -1000, -1000, -1000, -1000, -1000, -1000, -1000, -1000, -1000, -1000, -1000, -1000, -1000, -1000,  -180, -1000,  -180,  -180,  -180,  -180,  -180,  -180,  -180,  -180,  -180,  -180,  -180,  -180,  -180,  -180,  -180,  -180,  -180, -1000,  -180,  -180, -1000, -1000, -1000, -1000, -1000, -1000, -1000, -1000, -1000, -1000, -1000, -1000, -1000, -1000, -1000, -1000, -1000, -1000, -1000, -1000, -1000, -1000, -1000, -1000, -1000, -1000, -1000, -1000, -1000, -1000, -1000, -1000, -1000, -1000, -1000, -1000, -1000, -1000, -1000, -1000, -1000, -1000, -1000, -1000, -1000, -1000, -1000, -1000, -1000, -1000, -1000, -1000, -1000, -1000, -1000, -1000, -1000, -1000, -1000, -1000, -1000, -1000, -1000, -1000, -1000, -1000, -1000, -1000, -1000, -1000, -1000, -1000, -1000,  -180,  -180,  -180,  -180,  -180,  -180, -1000,  -180, -1000, -1000,  -180, -1000, -1000,  -180, -1000, -1000,  -180, -1000, -1000,  -180, -1000, -1000,  -180, -1000,  -180,  -180,  -180,  -180,  -180,  -180,  -180,  -180,  -180,  -180,  -180,  -180,  -180,  -180,  -180,  -180,  -180,  -180,  -180,  -180,  -180,  -180,  -180,  -180,  -180,  -180,  -180,  -180,  -180,  -180,  -180,  -180,  -180,  -180,  -180,  -180,  -180,  -180,  -180,  -180,  -180,  -180,  -180,  -180,  -180,  -180,  -180,  -180,  -180,  -180,  -180,  -180,  -180,  -180,  -180, -1000, -1000, -1000, -1000, -1000, -1000,
  -180,  -180, -1000,  -180, -1000,  -180,  -180, -1000, -1000,  -180, -1000,  -180, -1000, -1000,  -180, -1000,  -180, -1000, -1000, -1000, -1000, -1000,  -180, -1000, -1000, -1000,  -180, -1000, -1000,  -180, -1000,  -180,  -180, -1000, -1000, -1000, -1000, -1000, -1000, -1000, -1000, -1000, -1000, -1000, -1000, -1000, -1000,  -180, -1000, -1000, -1000, -1000, -1000, -1000, -1000, -1000, -1000, -1000, -1000, -1000, -1000, -1000, -1000, -1000, -1000, -1000, -1000, -1000, -1000, -1000, -1000, -1000, -1000, -1000, -1000, -1000, -1000, -1000, -1000, -1000, -1000, -1000, -1000, -1000, -1000, -1000, -1000, -1000, -1000, -1000, -1000, -1000, -1000, -1000, -1000, -1000, -1000, -1000, -1000, -1000, -1000, -1000, -1000, -1000, -1000, -1000, -1000, -1000, -1000, -1000, -1000, -1000, -1000, -1000, -1000, -1000, -1000, -1000, -1000, -1000, -1000, -1000, -1000, -1000, -1000, -1000, -1000, -1000, -1000, -1000, -1000, -1000, -1000, -1000, -1000, -1000, -1000, -1000, -1000, -1000, -1000, -1000, -1000, -1000, -1000, -1000, -1000, -1000, -1000, -1000, -1000, -1000, -1000, -1000, -1000, -1000, -1000, -1000, -1000, -1000, -1000, -1000, -1000, -1000, -1000, -1000, -1000, -1000, -1000, -1000, -1000, -1000, -1000, -1000, -1000, -1000, -1000, -1000, -1000, -1000, -1000, -1000, -1000, -1000, -1000, -1000, -1000, -1000, -1000, -1000, -1000, -1000, -1000, -1000, -1000, -1000, -1000, -1000, -1000, -1000, -1000, -1000, -1000, -1000, -1000, -1000, -1000, -1000, -1000, -1000, -1000, -1000, -1000, -1000, -1000, -1000, -1000, -1000, -1000, -1000, -1000, -1000, -1000, -1000, -1000, -1000, -1000, -1000, -1000, -1000, -1000, -1000, -1000, -1000, -1000, -1000, -1000, -1000, -1000, -1000, -1000, -1000, -1000, -1000, -1000, -1000, -1000, -1000, -1000, -1000, -1000, -1000, -1000, -1000, -1000, -1000, -1000, -1000, -1000, -1000, -1000, -1000, -1000, -1000, -1000, -1000, -1000, -1000, -1000, -1000, -1000, -1000, -1000, -1000, -1000, -1000, -1000, -1000,  -180,  -180,  -180,  -180,  -180,  -180,  -180,  -180,  -180,  -180,  -180,  -180,  -180,  -180,  -180,  -180,  -180,  -180,  -180,  -180,  -180,  -180,  -180,  -180,  -180,  -180,  -180,  -180,  -180,  -180,  -180,  -180,  -180,  -180,  -180,  -180,  -180,  -180,  -180,  -180,  -180,  -180,  -180,  -180,  -180,  -180,  -180,  -180,  -180,  -180,  -180,  -180,  -180,  -180,  -180,  -180,  -180,  -180,  -180,  -180,  -180,  -180,  -180,  -180,  -180,  -180,  -180,  -180,  -180, -1000,  -180,  -180,  -180,  -180, -1000,  -180,  -180,  -180,  -180, -1000,  -180, -1000,
  -180,  -180,  -180,  -180,  -180,  -180,  -180,  -180,  -180,  -180,  -180,  -180,  -180,  -180,  -180,  -180, -1000,  -180,  -180, -1000,  -180, -1000, -1000, -1000,  -180, -1000,  -180,  -180,  -180,  -180,  -180,  -180,  -180,  -180,  -180,  -180,  -180,  -180, -1000, -1000, -1000, -1000, -1000, -1000, -1000, -1000, -1000, -1000, -1000, -1000, -1000, -1000, -1000, -1000, -1000, -1000, -1000, -1000, -1000, -1000, -1000, -1000, -1000, -1000, -1000, -1000, -1000, -1000, -1000, -1000, -1000, -1000, -1000, -1000, -1000, -1000, -1000, -1000, -1000, -1000, -1000,  -180,  -180, -1000,  -180, -1000, -1000, -1000, -1000, -1000, -1000, -1000, -1000, -1000, -1000, -1000, -1000, -1000, -1000, -1000, -1000, -1000, -1000, -1000, -1000, -1000, -1000, -1000, -1000, -1000, -1000, -1000, -1000, -1000, -1000, -1000, -1000, -1000, -1000, -1000, -1000, -1000, -1000, -1000, -1000, -1000, -1000, -1000, -1000, -1000, -1000, -1000, -1000, -1000, -1000, -1000, -1000, -1000, -1000, -1000, -1000, -1000, -1000,-32768,-32768,-32768,-32768,-32768,-32768,-32768,-32768,  -180, -1000, -1000, -1000, -1000, -1000, -1000, -1000, -1000, -1000, -1000, -1000, -1000, -1000, -1000, -1000, -1000, -1000, -1000, -1000, -1000, -1000, -1000, -1000, -1000, -1000, -1000, -1000, -1000, -1000, -1000, -1000, -1000, -1000, -1000, -1000, -1000, -1000, -1000, -1000, -1000, -1000, -1000, -1000, -1000, -1000, -1000, -1000, -1000, -1000, -1000, -1000, -1000, -1000, -1000, -1000, -1000, -1000, -1000, -1000, -1000, -1000, -1000, -1000, -1000, -1000, -1000, -1000, -1000, -1000, -1000, -1000, -1000, -1000, -1000, -1000, -1000, -1000, -1000, -1000, -1000, -1000, -1000, -1000, -1000, -1000, -1000, -1000, -1000, -1000, -1000, -1000, -1000, -1000, -1000, -1000, -1000, -1000, -1000, -1000, -1000, -1000, -1000, -1000, -1000, -1000, -1000, -1000, -1000, -1000, -1000, -1000, -1000, -1000, -1000, -1000, -1000, -1000, -1000, -1000, -1000, -1000, -1000, -1000, -1000, -1000, -1000, -1000, -1000, -1000, -1000, -1000, -1000, -1000,  -180,  -180,  -180,  -180,  -180,  -180,  -180,  -180,  -180,  -180,  -180,  -180,  -180,  -180,  -180,  -180,  -180,  -180,  -180,  -180,  -180,  -180,  -180,  -180,  -180,  -180,  -180,  -180,  -180,  -180,  -180,  -180,  -180,  -180,  -180,  -180,  -180,  -180,  -180,  -180,  -180,  -180,  -180,  -180,  -180,  -180,  -180,  -180,  -180,  -180,  -180,  -180,  -180,  -180,  -180,  -180,  -180,  -180,  -180,  -180,  -180,  -180,  -180,  -180,  -180,  -180,  -180,  -180,  -180,  -180,  -180,  -180,  -180,  -180,  -180,
  -180,  -180,  -180,  -180,  -180,  -180,  -180,  -180,  -180,  -180,  -180,  -180,  -180,  -180,  -180,  -180,  -180,  -180,  -180,  -180,  -180,  -180,  -180,  -180,  -180,  -180,  -180,  -180,  -180,  -180,  -180,  -180,  -180,  -180,  -180,  -180,  -180,  -180,  -180, -1000, -1000, -1000, -1000, -1000, -1000, -1000, -1000, -1000,  -180, -1000,  -180,  -180,  -180,  -180, -1000, -1000, -1000, -1000, -1000, -1000, -1000, -1000, -1000, -1000, -1000, -1000, -1000, -1000, -1000, -1000, -1000, -1000, -1000, -1000, -1000, -1000,  -180, -1000,  -180,  -180,  -180,  -180,  -180,  -180,  -180, -1000, -1000, -1000, -1000, -1000, -1000, -1000, -1000, -1000, -1000, -1000, -1000, -1000,-32768,-32768,-32768,-32768,-32768,-32768,-32768,-32768,-32768,-32768,-32768,-32768,-32768,-32768,-32768,-32768,-32768,-32768,-32768,  -180, -1000,  -180,  -180, -1000, -1000, -1000, -1000, -1000, -1000, -1000, -1000, -1000, -1000, -1000, -1000, -1000,-32768,-32768,-32768,-32768,-32768,-32768,-32768,-32768,-32768,-32768,-32768,-32768,-32768,-32768,-32768,-32768,-32768,-32768,-32768,-32768,-32768,-32768,-32768, -1000, -1000, -1000, -1000, -1000, -1000, -1000,  -180,  -180, -1000,  -180, -1000, -1000, -1000, -1000, -1000, -1000, -1000, -1000, -1000, -1000, -1000, -1000, -1000, -1000, -1000, -1000, -1000, -1000, -1000, -1000, -1000, -1000, -1000, -1000, -1000, -1000, -1000, -1000, -1000, -1000, -1000, -1000, -1000, -1000, -1000, -1000, -1000, -1000, -1000, -1000, -1000, -1000, -1000, -1000, -1000, -1000, -1000, -1000, -1000, -1000, -1000, -1000, -1000, -1000, -1000, -1000, -1000, -1000, -1000, -1000, -1000, -1000, -1000, -1000, -1000, -1000, -1000, -1000, -1000, -1000,  -180, -1000, -1000, -1000, -1000, -1000, -1000, -1000, -1000, -1000, -1000, -1000, -1000, -1000, -1000, -1000, -1000, -1000, -1000, -1000, -1000, -1000, -1000, -1000, -1000, -1000, -1000, -1000, -1000, -1000, -1000, -1000, -1000, -1000, -1000, -1000, -1000, -1000, -1000, -1000, -1000, -1000, -1000, -1000, -1000, -1000, -1000, -1000, -1000, -1000, -1000, -1000, -1000, -1000, -1000, -1000,  -180, -1000, -1000,  -180,  -180,  -180,  -180,  -180,  -180, -1000,  -180,  -180,  -180,  -180, -1000, -1000, -1000,  -180,  -180,  -180,  -180,  -180,  -180,  -180,  -180, -1000, -1000, -1000, -1000, -1000,  -180,  -180,  -180,  -180,  -180,  -180,  -180,  -180,  -180,  -180,  -180, -1000, -1000, -1000, -1000, -1000, -1000, -1000, -1000, -1000, -1000, -1000, -1000, -1000, -1000, -1000,  -180,  -180,  -180,  -180,  -180,  -180,  -180,  -180,  -180,  -180,
 -1000,  -180,  -180,  -180,  -180,  -180,  -180,  -180,  -180,  -180,  -180,  -180,  -180,  -180,  -180,  -180,  -180,  -180,  -180,  -180,  -180,  -180,  -180,  -180,  -180,  -180,  -180,  -180,  -180,  -180,  -180,  -180,  -180,  -180,  -180,  -180,  -180,  -180,  -180, -1000, -1000, -1000, -1000, -1000, -1000, -1000, -1000, -1000, -1000, -1000, -1000, -1000, -1000, -1000, -1000, -1000, -1000, -1000, -1000, -1000, -1000, -1000, -1000, -1000, -1000, -1000, -1000, -1000, -1000, -1000, -1000, -1000, -1000, -1000, -1000, -1000, -1000, -1000, -1000, -1000, -1000, -1000, -1000, -1000, -1000, -1000, -1000, -1000, -1000, -1000,-32768,-32768,-32768,-32768,-32768,-32768,-32768,-32768,-32768,-32768,-32768,-32768,-32768,-32768,-32768,-32768,-32768,-32768,-32768,-32768,-32768,-32768,-32768,-32768,-32768,  -180,  -180,  -180,  -180,-32768,-32768,-32768,-32768,-32768,-32768,-32768,-32768,-32768,-32768,-32768,-32768,-32768,-32768,-32768,-32768,-32768,-32768,-32768,-32768,-32768,-32768,-32768,-32768,-32768,-32768,-32768,-32768,-32768,-32768,-32768,-32768,-32768,-32768,-32768,-32768,-32768,-32768,-32768,-32768,-32768,-32768,-32768,-32768,-32768,-32768,-32768,-32768,  -151,  -180,  -180,  -180,  -180,  -180,  -180,  -180,  -180,  -180,  -180,  -180,  -180,  -180,  -180,  -180,  -180,  -180,  -180,  -180,  -180,  -180,  -180,  -180,  -180,  -180,  -180,   -79,  -131,   -86,  -112,  -134,  -172,  -180,  -180, -1000, -1000, -1000, -1000, -1000, -1000, -1000, -1000, -1000, -1000, -1000, -1000, -1000, -1000, -1000, -1000, -1000, -1000, -1000, -1000, -1000, -1000,  -180,  -180,  -180,  -180,  -180,  -180,  -180,  -180,  -180,  -180,  -180,  -180,  -180,  -180,  -180,  -180,  -180, -1000,  -180,  -180, -1000, -1000, -1000, -1000, -1000, -1000, -1000, -1000, -1000, -1000, -1000, -1000, -1000, -1000, -1000, -1000, -1000, -1000, -1000, -1000, -1000, -1000, -1000, -1000, -1000, -1000,  -180, -1000,  -180,  -180, -1000, -1000,  -180,  -180,  -180, -1000, -1000, -1000, -1000, -1000, -1000, -1000, -1000, -1000, -1000, -1000, -1000, -1000, -1000, -1000, -1000, -1000, -1000, -1000, -1000, -1000, -1000, -1000, -1000, -1000, -1000, -1000, -1000, -1000, -1000, -1000, -1000, -1000, -1000, -1000, -1000, -1000, -1000, -1000, -1000, -1000, -1000, -1000, -1000, -1000, -1000, -1000, -1000, -1000, -1000, -1000, -1000, -1000, -1000, -1000, -1000, -1000, -1000, -1000, -1000, -1000, -1000, -1000, -1000, -1000, -1000, -1000, -1000, -1000,  -180,  -180,  -180,  -180,  -180,  -180,  -180,  -180,  -180, -1000, -1000, -1000,
  -180,  -180,  -180,  -180,  -180,  -180,  -180,  -180,  -180,  -180,  -180,  -180,  -180,  -180,  -180,  -180,  -180,  -180,  -180,  -180,  -180,  -180,  -180,  -180,  -180,  -180,  -180,  -180,  -180,  -180,  -180,  -180,  -180,  -180,  -180,  -180,  -180,  -180,  -180, -1000, -1000, -1000, -1000, -1000, -1000, -1000, -1000, -1000, -1000, -1000, -1000, -1000, -1000, -1000, -1000, -1000, -1000, -1000, -1000, -1000,  -180, -1000, -1000, -1000, -1000, -1000, -1000, -1000, -1000, -1000, -1000, -1000, -1000, -1000, -1000, -1000, -1000, -1000, -1000, -1000, -1000,  -180,  -180, -1000,-32768,-32768,-32768,-32768,-32768,-32768,-32768,-32768,-32768,-32768,-32768,-32768,-32768,-32768,-32768,-32768,-32768,-32768,-32768,-32768,-32768,-32768,-32768,-32768,-32768,-32768,-32768,  -180, -1000, -1000,-32768,-32768,-32768,-32768,-32768,-32768,-32768,-32768,-32768,-32768,-32768,-32768,-32768,-32768,-32768,-32768,-32768,-32768,-32768,-32768,-32768,-32768,-32768,-32768,-32768,-32768,-32768,-32768,-32768,-32768,-32768,-32768,-32768,-32768,-32768,-32768,-32768,-32768,-32768,-32768,-32768,-32768,-32768,-32768,-32768,-32768,-32768,-32768,-32768,-32768,  -180,  -180,  -180,  -180,  -180,  -180,  -180,  -180,  -180,  -180,  -180,  -180,  -180,  -180,  -180,  -180,  -174,  -159,  -134,   -99,   -65,   -54,     3,    82,   104,    55,   147,   182,   122,   119,   126,   141,   138,   104,    39,   -64,  -164,  -180,  -180,  -180, -1000, -1000, -1000,  -180,  -180,  -180,  -180,  -180,  -180,  -180,  -180,  -180,  -180,  -180,  -180,  -180,  -180, -1000,  -180,  -180,  -180,  -180, -1000,  -180,  -180,  -180,  -180,  -180,  -180,  -180,  -180,  -180,  -180,  -180,  -180,  -180,  -180,  -180, -1000, -1000, -1000, -1000, -1000, -1000, -1000, -1000, -1000, -1000, -1000, -1000, -1000, -1000, -1000, -1000, -1000, -1000, -1000, -1000, -1000, -1000, -1000, -1000, -1000, -1000, -1000, -1000,  -180,  -180,  -158,-32768,-32768,-32768,-32768,  -180,  -180,  -180,  -180,  -180, -1000, -1000, -1000, -1000, -1000, -1000, -1000, -1000, -1000, -1000, -1000, -1000, -1000, -1000, -1000, -1000, -1000, -1000, -1000, -1000, -1000, -1000, -1000, -1000, -1000, -1000, -1000, -1000, -1000, -1000, -1000, -1000, -1000, -1000, -1000, -1000, -1000, -1000, -1000, -1000, -1000, -1000, -1000, -1000, -1000, -1000, -1000, -1000, -1000, -1000, -1000, -1000, -1000, -1000, -1000, -1000, -1000, -1000, -1000, -1000, -1000, -1000, -1000, -1000,  -180,  -180,  -180,  -180,  -180,  -180,  -180,  -180,  -180,  -180, -1000,  -180,  -180,  -180,
  -180,  -180,  -180, -1000,  -180, -1000, -1000,  -180,  -180, -1000, -1000,  -180, -1000, -1000, -1000, -1000, -1000, -1000, -1000, -1000,  -180,  -180,  -180,  -180,  -180,  -180,  -180,  -180,  -180,  -180,  -180,  -180,  -180,  -180,  -180,  -180,  -180,  -180,  -180,  -180,  -180,  -180,  -180, -1000, -1000, -1000, -1000, -1000, -1000, -1000, -1000, -1000, -1000, -1000, -1000, -1000, -1000, -1000, -1000, -1000, -1000, -1000, -1000, -1000,  -180, -1000, -1000, -1000, -1000, -1000, -1000, -1000, -1000, -1000, -1000, -1000,  -180,  -180,  -180,  -180,  -180, -1000,  -180,  -180,  -180,-32768,-32768,-32768,-32768,-32768,-32768,-32768,-32768,-32768,-32768,-32768,-32768,-32768,-32768,-32768,-32768,-32768,-32768,-32768,-32768,-32768,  -180, -1000, -1000, -1000, -1000, -1000, -1000, -1000, -1000,-32768,-32768,-32768,-32768,-32768,-32768,-32768,-32768,-32768,-32768,-32768,-32768,-32768,-32768,-32768,-32768,-32768,-32768,-32768,-32768,-32768,-32768,-32768,-32768,-32768,-32768,-32768,-32768,-32768,-32768,-32768,-32768,-32768,-32768,-32768,-32768,-32768,-32768,-32768,-32768,-32768,-32768,-32768,-32768,-32768,-32768,  -180,  -180,  -180,  -180,  -180,  -180,  -180,  -180, -1000, -1000, -1000, -1000,  -180,  -180,  -180,  -180,  -177,  -163,  -136,   -75,    35,   124,   105,   109,   143,   159,   150,   146,   142,   141,   151,-32768,-32768,-32768,-32768,-32768,-32768,-32768,  -164,  -164,  -171,-32768,-32768,-32768, -1000,  -180,  -180,  -180,  -180,  -180,  -180, -1000, -1000,  -180, -1000, -1000, -1000, -1000, -1000,  -180,  -180,  -180,  -180,  -180,  -180,  -180,  -180,  -180,  -180,  -180,  -180,  -180,  -180,  -180,  -180,  -180,  -180,  -180,  -180,  -180,  -180,  -180,  -180, -1000,  -180,  -180,  -180, -1000, -1000, -1000, -1000, -1000, -1000, -1000, -1000, -1000, -1000, -1000, -1000, -1000, -1000, -1000, -1000, -1000, -1000, -1000, -1000, -1000, -1000, -1000, -1000, -1000, -1000,-32768,-32768,-32768,-32768,-32768,-32768,  -180,  -180, -1000, -1000,  -180,  -180,  -180, -1000, -1000, -1000, -1000, -1000, -1000, -1000, -1000, -1000, -1000, -1000, -1000, -1000, -1000, -1000, -1000, -1000, -1000, -1000, -1000, -1000, -1000, -1000, -1000, -1000, -1000, -1000, -1000, -1000, -1000, -1000, -1000, -1000, -1000, -1000, -1000, -1000, -1000, -1000, -1000, -1000, -1000, -1000, -1000, -1000, -1000, -1000, -1000, -1000, -1000, -1000, -1000, -1000, -1000, -1000, -1000, -1000, -1000,  -180,  -180,  -180,  -180,  -180,  -180,  -180,  -180,  -180,  -180,  -180,  -180,  -180,  -180,  -180,
  -180, -1000, -1000, -1000, -1000, -1000, -1000, -1000, -1000, -1000, -1000, -1000, -1000, -1000, -1000, -1000, -1000, -1000, -1000, -1000, -1000, -1000, -1000, -1000, -1000, -1000,  -180,  -180,  -180,  -180,  -180,  -180,  -180,  -180,  -180,  -180,  -180,  -180,  -180,  -180,  -180,  -180,  -180,  -180, -1000, -1000, -1000, -1000, -1000, -1000, -1000, -1000, -1000, -1000, -1000, -1000, -1000,  -180, -1000,  -180, -1000, -1000, -1000, -1000, -1000,  -180,  -180,  -180, -1000,  -180,  -180,  -180,  -180, -1000, -1000,  -180,-32768,-32768,-32768,-32768,  -180,  -180,-32768,-32768,  -180,  -180,  -180,-32768,-32768,-32768,-32768,-32768,  -180,-32768,-32768,-32768,-32768,-32768,-32768,-32768,-32768,-32768,-32768,-32768,-32768,  -180,  -146,  -168,-32768,-32768,-32768,-32768,-32768,-32768,-32768,-32768,-32768,-32768,-32768,-32768,-32768,-32768,-32768,-32768,-32768,-32768,-32768,-32768,-32768,-32768,-32768,-32768,-32768,-32768,-32768,-32768,-32768,-32768,-32768,-32768,-32768,-32768,-32768,-32768,-32768,-32768,-32768,-32768,-32768,-32768,-32768,-32768,-32768,-32768,-32768,-32768,-32768,-32768,-32768,  -180,  -180,  -180,  -180,  -180,  -180,  -180, -1000, -1000, -1000, -1000,  -180,  -180,  -180,  -180,  -175,  -158,  -111,   -18,   109,   108,    88,    75,    78,    85,    70,    92,    86,    85,    95,   101,   108,   107,   143,-32768,-32768,-32768,-32768,-32768,-32768,-32768,  -133,  -131,  -171,  -180,  -180,  -180, -1000,  -180,  -180,  -180,  -180,  -180,  -180,  -180,  -180,  -180,  -180,  -180,  -138,  -153,   -84,   -92,   -24,   -77,   -28,    -3,   -15,    42,   -36,   -34,   -12,    -8,   -66,   -40,   -33,    11,    39,  -111,    -2,    -4,     9,    15,     2,    14,     9,   -18,   -37,   -65,  -180, -1000, -1000, -1000, -1000, -1000, -1000, -1000, -1000, -1000, -1000, -1000, -1000, -1000, -1000, -1000, -1000, -1000, -1000, -1000, -1000, -1000, -1000, -1000, -1000, -1000, -1000,  -180,  -180, -1000,  -180,  -180,-32768,-32768,-32768,-32768,-32768,  -180,  -180, -1000, -1000, -1000, -1000, -1000, -1000, -1000, -1000, -1000, -1000, -1000, -1000,  -180,  -180, -1000, -1000, -1000, -1000, -1000, -1000, -1000, -1000, -1000, -1000, -1000, -1000, -1000, -1000, -1000, -1000, -1000, -1000, -1000, -1000, -1000, -1000,  -180,  -180,  -180,  -180, -1000, -1000, -1000, -1000, -1000, -1000, -1000,  -180,  -180,  -180,  -180,  -180, -1000, -1000, -1000,  -180,  -180,  -180,  -180,  -180,  -180,  -180,  -180,  -180,  -180,  -180,  -180,  -180, -1000,  -180,  -180,  -180,  -180,
 -1000, -1000, -1000, -1000, -1000, -1000, -1000, -1000, -1000, -1000, -1000, -1000, -1000, -1000, -1000, -1000, -1000, -1000, -1000, -1000, -1000, -1000, -1000, -1000,  -180, -1000, -1000, -1000,  -180, -1000, -1000, -1000, -1000, -1000, -1000, -1000,  -180,  -180,  -180,  -180,  -180,  -180,  -180, -1000, -1000, -1000, -1000, -1000, -1000, -1000, -1000, -1000, -1000, -1000, -1000, -1000, -1000, -1000, -1000, -1000, -1000, -1000,  -180,  -180,  -180,  -180,  -180,  -180,-32768,  -180,  -180,  -180,  -180,  -180,  -180,  -180,  -180,  -180, -1000, -1000,  -180,  -180,  -180, -1000,  -180,  -180,  -180,  -180, -1000, -1000, -1000,  -180,-32768,-32768,-32768,-32768,-32768,-32768,-32768,-32768,-32768,-32768,  -180,  -180,  -180,  -168,  -141,  -140,  -180,  -180,-32768,-32768,-32768,-32768,-32768,-32768,-32768,-32768,-32768,-32768,-32768,-32768,-32768,-32768,-32768,-32768,-32768,-32768,-32768,-32768,-32768,-32768,-32768,-32768,-32768,-32768,-32768,-32768,-32768,-32768,-32768,-32768,-32768,-32768,-32768,-32768,-32768,-32768,-32768,-32768,-32768,-32768,-32768,-32768,-32768,-32768,-32768,-32768,-32768,-32768,-32768,  -180,  -180,  -180, -1000, -1000, -1000,  -180,  -180,  -180,  -180,  -180,  -180,  -175,  -149,   -83,    33,    52,    65,    75,    85,   104,   112,   119,   124,   139,   129,   134,   152,   164,   169,   169,   164,   172,   150,-32768,-32768,-32768,  -164,  -104,   -75,  -131,   -88,   -43,  -180,  -180,  -162,   -40,   -92,   -55,    -5,  -110,  -127,   -84,   -57,    14,    45,    41,    48,    49,    49,    49,    33,    23,    12,     2,     1,    13,    12,     0,    -1,    -1,    -1,     0,    -8,    -6,    -5,    -7,    -2,     0,     1,     0,    -2,    -7,    -5,   -11,   -14,   -22,   -21,  -165,  -165,  -180,  -180,  -180, -1000, -1000, -1000, -1000, -1000, -1000, -1000, -1000, -1000, -1000, -1000, -1000, -1000, -1000, -1000, -1000, -1000, -1000, -1000, -1000, -1000, -1000, -1000, -1000, -1000, -1000,  -180, -1000,  -180,-32768,-32768,  -180,  -180,  -180,  -180,  -180,  -180, -1000, -1000, -1000, -1000, -1000, -1000, -1000, -1000, -1000, -1000, -1000, -1000, -1000, -1000, -1000, -1000, -1000, -1000, -1000, -1000, -1000, -1000, -1000, -1000, -1000, -1000, -1000, -1000, -1000, -1000, -1000, -1000, -1000, -1000, -1000, -1000, -1000,  -180,  -180, -1000, -1000,  -180,  -180, -1000,  -180, -1000, -1000, -1000, -1000,  -180,  -180,  -180,  -180,  -180,  -180,  -180,  -180,  -180,  -180,  -180,  -180,  -180, -1000, -1000, -1000, -1000, -1000, -1000, -1000,
 -1000, -1000, -1000, -1000, -1000, -1000, -1000, -1000, -1000, -1000, -1000, -1000, -1000, -1000, -1000, -1000, -1000, -1000, -1000, -1000, -1000, -1000, -1000, -1000, -1000, -1000, -1000, -1000, -1000, -1000, -1000, -1000, -1000, -1000, -1000, -1000, -1000, -1000, -1000,  -180,  -180,  -180,  -180,  -180,  -180,  -180,  -180,  -180, -1000, -1000, -1000, -1000, -1000, -1000, -1000, -1000, -1000, -1000,-32768,-32768,-32768,-32768,-32768,-32768,  -180,  -180,  -180,  -180,  -180,  -180,  -180,  -180,  -180,  -180,  -180,  -180,  -180,  -180,  -180,  -180,-32768,-32768,  -180,  -180,-32768,-32768,  -180,-32768,-32768, -1000, -1000,-32768,-32768,-32768,-32768,-32768,-32768,-32768,-32768,-32768,-32768,  -180,  -180,  -180,  -180,  -180,  -180,  -180,  -180,  -180,  -180,-32768,-32768,-32768,-32768,-32768,-32768,-32768,-32768,-32768,-32768,-32768,-32768,-32768,-32768,-32768,-32768,-32768,-32768,-32768,-32768,-32768,-32768,-32768,-32768,-32768,-32768,-32768,-32768,-32768,-32768,-32768,-32768,-32768,-32768,-32768,-32768,-32768,-32768,-32768,-32768,-32768,-32768,-32768,-32768,-32768,-32768,-32768,-32768,  -158,  -180,  -180,  -180,  -180,  -180,  -180,  -180,  -180,  -180,  -180,  -176,  -162,  -125,    11,    92,    97,    91,    83,    80,    97,   105,   112,   116,   119,   123,   138,   140,   155,   182,   195,   195,   203,   217,   207,   180,   180,   150,   121,    29,     1,   -25,   -43,   -40,   -27,   -25,    54,    35,    40,    27,    43,    67,    54,    28,    11,    -4,   -17,    -4,     1,    15,    25,    29,    27,    26,    25,    29,    40,    32,    29,    41,    45,    42,    32,    27,    29,    29,     9,     8,    11,    12,    20,     7,     2,     1,    15,    10,-32768,-32768,-32768, -1000,  -180,  -180,  -180,  -180, -1000, -1000, -1000, -1000, -1000, -1000, -1000, -1000, -1000, -1000, -1000, -1000, -1000, -1000, -1000, -1000, -1000, -1000,  -180,  -180, -1000,  -180,  -180,  -180,  -180,  -180,  -180,-32768,-32768,-32768,-32768,-32768,-32768,-32768,-32768,-32768,-32768,-32768,-32768, -1000, -1000, -1000, -1000, -1000, -1000, -1000, -1000, -1000, -1000, -1000, -1000, -1000, -1000, -1000, -1000, -1000, -1000, -1000, -1000, -1000, -1000, -1000, -1000, -1000,  -180,  -180,  -180,  -180, -1000,  -180,  -180,  -180, -1000,  -180,  -180,  -180,  -180,  -180, -1000, -1000, -1000,  -180,  -180,  -180, -1000, -1000,  -180,  -180,  -180,  -180,  -180,  -180,  -180,  -180,  -180,  -180,  -180,  -180,  -180, -1000, -1000, -1000, -1000, -1000, -1000, -1000, -1000,
 -1000, -1000, -1000, -1000, -1000, -1000, -1000, -1000, -1000, -1000, -1000, -1000, -1000, -1000, -1000, -1000, -1000, -1000, -1000, -1000, -1000, -1000, -1000, -1000, -1000, -1000, -1000, -1000, -1000, -1000, -1000, -1000, -1000, -1000, -1000, -1000, -1000,  -180,  -180,  -180,  -180,  -180,  -180,  -180,  -180,  -180, -1000, -1000, -1000, -1000, -1000, -1000, -1000, -1000, -1000,  -180,  -180,  -180,  -180,  -180,  -180,  -180,  -180,-32768,-32768,-32768,-32768,-32768,-32768,-32768,-32768,-32768,-32768,-32768,  -180,  -180,  -180,  -180,  -180,-32768,-32768,-32768,  -180,  -180,-32768,-32768,  -180,  -180,-32768,-32768,-32768,-32768,-32768,-32768,-32768,-32768,-32768,-32768,-32768,-32768,  -180,  -180,  -180, -1000, -1000, -1000, -1000, -1000, -1000, -1000, -1000,  -180,  -180, -1000, -1000, -1000, -1000, -1000, -1000, -1000, -1000,-32768,-32768,-32768,-32768,-32768,-32768,-32768,-32768,-32768,-32768,-32768,-32768,-32768,-32768,-32768,-32768,-32768,-32768,-32768,-32768,-32768,-32768,-32768,-32768,-32768,-32768,-32768,-32768,-32768,-32768,-32768,-32768,-32768,-32768,-32768,-32768,-32768,-32768,-32768,  -160,  -180,  -180,  -180,  -180,  -180,  -180,  -174,   -98,   -44,    38,     9,    -7,    -2,    21,    32,    33,    35,    54,    62,    71,    80,    92,   105,   119,   139,   155,   181,   213,   230,   232,   256,   296,   302,   275,   241,   200,   166,   137,    99,    64,    62,    88,    97,    88,   117,   163,   172,   162,   168,   182,   178,   156,   129,    93,    56,    44,    49,    46,    36,    34,    41,    44,    43,    40,    60,    85,    93,    83,    83,    86,    82,    40,    32,    33,    34,    24,    29,-32768,-32768,-32768,-32768,  -180, -1000, -1000, -1000, -1000, -1000, -1000, -1000, -1000, -1000, -1000, -1000, -1000, -1000, -1000, -1000, -1000, -1000, -1000, -1000, -1000, -1000, -1000, -1000,  -180, -1000,  -180,  -180,-32768,-32768,-32768,-32768,-32768,-32768,-32768,-32768,-32768,-32768,-32768,-32768,-32768,-32768,-32768,-32768,-32768,-32768,-32768,-32768,-32768,-32768,-32768,  -180, -1000, -1000, -1000, -1000, -1000, -1000, -1000, -1000, -1000,  -180,  -180, -1000, -1000, -1000, -1000, -1000, -1000, -1000, -1000, -1000, -1000,  -180,  -180,-32768,-32768,-32768,-32768,-32768,-32768,-32768,  -180,  -180,  -180,  -180,  -180,  -180,  -180,  -180,  -180,  -180,  -180,  -180,  -180,  -180,  -180,  -180,  -180, -1000, -1000, -1000, -1000,  -180,  -180,  -180, -1000,  -180, -1000, -1000, -1000, -1000, -1000, -1000, -1000, -1000, -1000, -1000,
 -1000, -1000, -1000, -1000, -1000, -1000, -1000, -1000, -1000, -1000, -1000, -1000, -1000, -1000, -1000, -1000, -1000, -1000, -1000, -1000, -1000, -1000, -1000, -1000, -1000, -1000, -1000, -1000, -1000, -1000, -1000, -1000, -1000,  -180,  -180,  -180,  -180,  -180,  -180,  -180,  -180, -1000, -1000, -1000, -1000, -1000, -1000,  -180, -1000, -1000, -1000, -1000, -1000, -1000,  -180,  -180,  -180,  -180,  -180,  -180,  -180,  -180,  -180,  -180,  -180,  -180,  -180,-32768,  -180,  -180,  -180,  -180,  -180,  -180,  -180,  -180,  -180,  -180,  -180,  -180,  -180,  -180,  -180,  -180,  -180,  -180,  -180,  -180,  -180,  -180,  -180,  -180,  -180,  -180,  -180,  -180,  -180,  -180,  -180,  -180,  -180,  -180, -1000, -1000, -1000, -1000, -1000, -1000, -1000, -1000, -1000, -1000, -1000, -1000, -1000, -1000, -1000, -1000, -1000, -1000, -1000, -1000, -1000,-32768,-32768,-32768,-32768,-32768,-32768,-32768,-32768,-32768,-32768,-32768,-32768,-32768,-32768,-32768,-32768,-32768,-32768,-32768,-32768,-32768,-32768,-32768,-32768,-32768,-32768,-32768,-32768,-32768,-32768,-32768,-32768,-32768,-32768,-32768,-32768,-32768,  -180,  -162,  -180,  -180,  -173,  -138,   -31,    31,   -25,   -40,   -82,   -88,   -70,   -50,   -39,   -21,     4,    14,    10,    11,    14,    32,    69,   102,   130,   160,   192,   226,   261,   281,   289,   329,   397,   425,   409,   375,   327,   288,   257,   225,   206,   223,   265,   274,   250,   250,   276,   290,   291,   292,   293,   283,   263,   239,   209,   178,   147,   108,    63,    43,    47,    53,    55,    50,    66,    76,    90,   103,   112,   105,    89,    79,    72,    72,    38,    52,-32768,-32768,-32768, -1000, -1000, -1000, -1000, -1000, -1000, -1000, -1000, -1000, -1000,  -180,  -180,  -180,  -180, -1000, -1000, -1000, -1000, -1000,  -180,  -180,  -180,  -180,  -180,  -180,  -180,  -180,  -180,-32768,-32768,-32768,-32768,-32768,-32768,-32768,-32768,-32768,-32768,-32768,-32768,-32768,-32768,-32768,-32768,-32768,-32768,-32768,-32768,-32768,-32768,-32768,-32768, -1000, -1000, -1000,  -180,  -180,  -180,  -180, -1000,  -180,  -180,  -180,  -180,  -180, -1000, -1000, -1000, -1000, -1000, -1000, -1000,  -180,  -180,  -180,  -180, -1000, -1000, -1000,  -180,  -180, -1000, -1000, -1000, -1000, -1000,  -180,  -180, -1000, -1000, -1000,  -180,  -180,  -180,  -180,  -180,  -180,  -180,  -180,  -180,  -180,  -180,  -180,  -180,  -180,  -180,  -180,  -180, -1000, -1000, -1000, -1000, -1000, -1000, -1000, -1000, -1000, -1000, -1000, -1000, -1000,
 -1000, -1000, -1000, -1000, -1000, -1000, -1000, -1000, -1000, -1000, -1000, -1000, -1000, -1000, -1000, -1000, -1000, -1000,  -180, -1000, -1000, -1000, -1000, -1000, -1000, -1000, -1000, -1000, -1000, -1000, -1000, -1000, -1000,  -180,  -180,  -180,  -180, -1000, -1000, -1000, -1000, -1000, -1000, -1000, -1000, -1000,  -180,  -180, -1000, -1000, -1000, -1000, -1000, -1000, -1000,  -180,-32768,-32768,-32768,-32768,-32768,-32768,-32768,-32768,  -180,  -180,  -180,  -180,  -180,  -180,  -180,  -180,  -180,  -180,-32768,  -180,  -180,  -180,  -180,-32768,-32768,-32768,  -180,  -180,  -180,-32768,-32768,-32768,-32768,  -180,  -180,  -180,-32768,-32768,  -180,  -180,-32768,-32768,-32768,-32768,-32768,-32768,-32768, -1000, -1000, -1000, -1000, -1000, -1000, -1000, -1000, -1000, -1000, -1000, -1000, -1000, -1000, -1000, -1000, -1000, -1000, -1000,  -180,  -180,-32768,-32768,-32768,-32768,-32768,-32768,-32768,-32768,-32768,-32768,-32768,-32768,-32768,-32768,-32768,-32768,-32768,-32768,-32768,-32768,-32768,-32768,-32768,-32768,-32768,-32768,-32768,-32768,-32768,-32768,-32768,-32768,-32768,-32768,-32768,  -180,  -180,  -180,  -180,  -143,   -52,    58,   145,    60,     4,   -33,   -91,   -85,   -57,   -38,   -28,   -12,    10,    21,    24,    30,    33,    55,   100,   141,   179,   213,   245,   282,   318,   345,   364,   408,   473,   507,   507,   490,   460,   429,   396,   368,   361,   379,   406,   409,   389,   376,   370,   370,   376,   376,   368,   355,   335,   311,   283,   254,   224,   182,   129,   106,   112,   118,   117,   108,   114,   119,   125,   118,   118,   118,   106,    53,    55,    55,-32768,-32768,-32768,  -180, -1000, -1000, -1000, -1000, -1000, -1000, -1000, -1000,  -180,  -180,  -180,  -180,  -180,  -180,  -180,  -180,  -180,  -180,  -180,  -180,  -180,  -172,  -173,-32768,-32768,-32768,-32768,-32768,-32768,-32768,-32768,-32768,-32768,-32768,-32768,-32768,-32768,-32768,-32768,-32768,-32768,-32768,-32768,-32768,-32768,-32768,-32768,-32768,-32768,-32768,-32768,-32768,-32768,-32768,-32768,-32768,-32768,-32768,-32768,-32768,  -180,  -180,  -180,  -180,  -180,  -180,-32768,  -180,  -180,  -180,  -180,  -180,  -180,  -180, -1000,  -180,  -180, -1000, -1000, -1000,  -180, -1000,  -180,  -180,-32768, -1000, -1000, -1000, -1000, -1000, -1000,  -180, -1000, -1000, -1000,  -180,  -180,  -180,  -180,  -180,  -180,  -180, -1000, -1000, -1000,  -180,  -180,  -180,  -180, -1000, -1000, -1000, -1000, -1000, -1000, -1000, -1000, -1000, -1000, -1000, -1000, -1000,
 -1000, -1000, -1000, -1000, -1000, -1000, -1000, -1000, -1000, -1000, -1000, -1000, -1000, -1000, -1000, -1000, -1000, -1000, -1000, -1000, -1000, -1000, -1000, -1000, -1000, -1000, -1000, -1000, -1000, -1000, -1000, -1000, -1000, -1000, -1000, -1000, -1000, -1000, -1000, -1000,  -180,  -180,  -180,  -180,  -180, -1000, -1000, -1000, -1000, -1000, -1000, -1000, -1000, -1000, -1000,-32768,-32768,-32768,-32768,-32768,-32768,-32768,-32768,-32768,-32768,-32768,-32768,-32768,-32768,-32768,-32768,-32768,-32768,-32768,-32768,  -180,  -180,  -180,  -180,-32768,-32768,-32768,-32768,  -180,  -180,-32768,  -180,  -180,  -180,  -180,-32768,-32768,-32768,-32768,  -180,-32768,-32768,-32768,-32768,-32768,-32768,-32768,-32768,-32768, -1000, -1000, -1000, -1000, -1000, -1000, -1000, -1000, -1000, -1000, -1000, -1000, -1000, -1000, -1000, -1000, -1000,  -180,  -180,  -180,  -180,-32768,-32768,-32768,-32768,-32768,-32768,-32768,-32768,-32768,-32768,-32768,-32768,-32768,-32768,-32768,-32768,-32768,-32768,-32768,-32768,-32768,-32768,-32768,-32768,-32768,-32768,-32768,-32768,-32768,-32768,-32768,-32768,  -180,  -180,  -180,  -180,  -171,   -64,    60,    93,    32,   -69,   -93,   -74,   -60,   -70,   -67,   -51,   -35,   -17,    -3,     3,    22,    57,    84,    99,   131,   178,   226,   276,   308,   323,   350,   384,   417,   450,   484,   515,   538,   552,   556,   550,   533,   506,   486,   483,   486,   486,   477,   464,   441,   411,   405,   418,   415,   399,   385,   369,   344,   311,   280,   253,   219,   178,   164,   177,   179,   168,   148,   145,   143,   141,   136,   123,   101,    86,    55,    50,-32768,-32768,-32768,  -180, -1000, -1000, -1000,  -180, -1000, -1000, -1000, -1000, -1000,  -180,  -180,  -172,-32768,-32768,-32768,  -180,  -180,  -180,  -180,  -180,  -180,  -180,  -180,  -180,-32768,-32768,-32768,-32768,-32768,-32768,-32768,-32768,-32768,-32768,-32768,-32768,-32768,-32768,-32768,-32768,-32768,-32768,-32768,-32768,-32768,-32768,-32768,-32768,-32768,-32768,-32768,-32768,-32768,-32768,-32768,-32768,-32768,-32768,-32768,-32768,-32768,-32768,-32768,-32768,-32768,-32768,-32768,-32768,-32768,-32768,-32768,-32768,  -180,  -180,  -180,  -180,  -180,  -180,  -180,  -180,  -180,  -180,  -180,-32768,-32768,-32768,-32768,-32768,  -180,  -180,  -180,  -180,  -180,  -180, -1000, -1000, -1000,  -180, -1000,  -180,  -180, -1000, -1000, -1000, -1000, -1000, -1000, -1000, -1000, -1000, -1000, -1000, -1000, -1000, -1000, -1000, -1000, -1000, -1000, -1000, -1000, -1000, -1000,
  -180, -1000,  -180, -1000, -1000, -1000, -1000, -1000, -1000,  -180, -1000, -1000, -1000, -1000, -1000, -1000, -1000,  -180,  -180,  -180,  -180,  -180,  -180,  -180,  -180,  -180,  -180,  -180,  -180,  -180, -1000, -1000, -1000, -1000, -1000, -1000, -1000, -1000, -1000, -1000,  -180, -1000, -1000, -1000, -1000, -1000, -1000, -1000, -1000, -1000, -1000, -1000, -1000, -1000, -1000, -1000,-32768,-32768,-32768,  -180,  -180,  -180,-32768,-32768,-32768,-32768,-32768,-32768,-32768,-32768,-32768,-32768,-32768,-32768,-32768,  -180,  -180,  -180,  -180,  -180,  -180,  -180,  -180,  -180,-32768,-32768,  -180,  -180,  -180,  -180,-32768,-32768,-32768,-32768,-32768,-32768,-32768,-32768,-32768,-32768,-32768,-32768,-32768,-32768,-32768,-32768,-32768,-32768, -1000, -1000, -1000, -1000, -1000, -1000, -1000, -1000, -1000, -1000, -1000, -1000,  -180,  -180,  -180,  -180,  -180,-32768,  -180,-32768,-32768,-32768,-32768,-32768,-32768,-32768,-32768,-32768,-32768,-32768,-32768,-32768,-32768,-32768,-32768,-32768,-32768,-32768,-32768,-32768,-32768,-32768,-32768,-32768,-32768,-32768,-32768,-32768,-32768,-32768,  -180,  -180,  -180,   -48,   112,    37,    13,   -16,   -82,   -77,   -44,   -31,   -33,   -29,   -18,     3,    33,    56,    73,   100,   136,   168,   197,   238,   286,   333,   381,   409,   417,   437,   463,   492,   525,   547,   557,   571,   584,   588,   582,   568,   552,   542,   538,   529,   513,   497,   487,   460,   420,   413,   429,   425,   391,   381,   369,   347,   314,   285,   263,   239,   216,   209,   217,   212,   191,   161,   152,   142,   132,   123,   116,    91,    51,    39,-32768,-32768,-32768,-32768,  -153,  -180,  -180,  -180,  -180,  -180, -1000, -1000,  -180,  -180,  -180,  -158,-32768,-32768,-32768,-32768,  -180,  -165,-32768,-32768,-32768,-32768,-32768,-32768,-32768,-32768,-32768,-32768,-32768,-32768,-32768,-32768,-32768,-32768,-32768,-32768,-32768,-32768,-32768,-32768,-32768,-32768,-32768,-32768,-32768,-32768,-32768,-32768,-32768,-32768,-32768,-32768,-32768,-32768,-32768,-32768,-32768,-32768,-32768,-32768,-32768,-32768,-32768,-32768,-32768,-32768,-32768,-32768,-32768,-32768,-32768,-32768,-32768,  -180,  -180,  -180,-32768,-32768,  -180,-32768,-32768,  -180,  -180,-32768,-32768,-32768,-32768,-32768,-32768,-32768,-32768,-32768,-32768,-32768,  -180,  -180,  -180,  -180,  -180,  -180, -1000,  -180,  -180,  -180, -1000, -1000, -1000, -1000,  -180, -1000, -1000, -1000,  -180,  -180,  -180,  -180, -1000, -1000, -1000, -1000, -1000,  -180,  -180,  -161,
 -1000, -1000, -1000, -1000, -1000, -1000, -1000,  -180,  -180,  -180,  -180,  -180,  -180,  -180,  -180,  -180,  -180,  -180,  -180,  -180,-32768,-32768,-32768,-32768,-32768,-32768,-32768,-32768,  -180,  -180,  -180,  -180,  -180,  -180,  -180,  -180, -1000, -1000, -1000, -1000, -1000, -1000, -1000, -1000, -1000, -1000, -1000, -1000, -1000, -1000,  -180,  -180, -1000, -1000,  -180,  -180,  -180,  -180,  -180,  -180, -1000, -1000, -1000,-32768,-32768,-32768,-32768,-32768,-32768,-32768,-32768,-32768,-32768,-32768,-32768,-32768,-32768,  -180,  -180,  -180,  -180,  -180,  -180,  -174,-32768,-32768,-32768,-32768,  -180,  -180, -1000, -1000,-32768,-32768,-32768,-32768,-32768,-32768,-32768,-32768,-32768,-32768,-32768,-32768,-32768,-32768,-32768,-32768,-32768,-32768,-32768, -1000,  -180,  -180,  -180, -1000, -1000, -1000, -1000, -1000,  -180,  -180,  -180,  -180,  -180,  -180,-32768,-32768,-32768,-32768,-32768,-32768,-32768,-32768,-32768,-32768,-32768,-32768,-32768,-32768,-32768,-32768,-32768,-32768,-32768,-32768,-32768,-32768,-32768,-32768,-32768,-32768,-32768,-32768,-32768,  -180,-32768,-32768,  -180,  -180,  -130,   -18,   -26,   -55,   -52,   -40,   -37,   -21,     2,    16,    30,    43,    58,    89,   127,   170,   221,   252,   256,   275,   315,   359,   402,   439,   469,   491,   508,   525,   541,   558,   578,   590,   595,   600,   601,   585,   557,   538,   555,   550,   543,   530,   515,-32768,-32768,-32768,-32768,-32768,-32768,-32768,   377,   370,   361,   323,   296,   270,   251,   239,   237,   232,   222,   206,   181,   146,   127,   109,    94,    73,    54,    55,    56,    55,    55,    34,    19,    11,   -26,   -79,   -64,  -117,  -127,  -180,  -180,  -180,  -180,  -180,  -180,-32768,-32768,-32768,-32768,-32768,-32768,  -165,-32768,-32768,-32768,-32768,-32768,-32768,-32768,-32768,-32768,-32768,-32768,-32768,-32768,-32768,-32768,-32768,-32768,-32768,-32768,-32768,-32768,-32768,-32768,-32768,-32768,-32768,-32768,-32768,-32768,-32768,-32768,-32768,-32768,-32768,-32768,-32768,-32768,-32768,-32768,-32768,-32768,-32768,-32768,-32768,-32768,-32768,-32768,-32768,-32768,-32768,-32768,-32768,-32768,-32768,-32768,-32768,-32768,-32768,-32768,-32768,-32768,-32768,-32768,-32768,-32768,-32768,-32768,-32768,-32768,-32768,-32768,-32768,-32768,-32768,-32768,-32768,-32768,-32768,-32768,-32768,-32768,-32768,-32768,-32768,-32768,  -180,  -180,  -180,  -180,  -180,  -180,  -180, -1000, -1000,  -180,  -180,  -180,  -180,  -180, -1000,  -180,  -180, -1000, -1000, -1000, -1000,
 -1000,  -180, -1000, -1000, -1000, -1000, -1000, -1000,  -180,  -180,  -180,  -180,  -180,  -180,  -180,  -180,  -171,-32768,-32768,-32768,-32768,-32768,-32768,-32768,-32768,-32768,-32768,-32768,-32768,-32768,-32768,-32768,-32768,-32768,-32768,-32768,-32768,-32768,-32768,-32768,-32768, -1000, -1000, -1000,  -180,  -180,  -180,  -180,-32768,-32768,-32768,-32768,-32768,-32768,-32768,-32768,-32768,-32768,-32768,-32768,  -180, -1000,  -180,  -180,-32768,-32768,-32768,-32768,-32768,-32768,-32768,-32768,-32768,-32768,-32768,-32768,-32768,-32768,  -180,  -180,  -180,  -180,-32768,  -174,  -180,  -180,-32768,-32768,-32768,  -180,  -180,  -180,  -180, -1000, -1000,-32768,-32768,-32768,  -180,  -180,  -180, -1000, -1000, -1000,-32768,-32768,-32768,-32768,-32768,-32768,-32768,-32768, -1000,  -180,  -180,  -180, -1000, -1000, -1000, -1000,  -180,  -180, -1000,  -180,  -180,  -180,-32768,  -111,  -127,-32768,-32768,-32768,-32768,-32768,-32768,-32768,-32768,-32768,-32768,-32768,-32768,-32768,-32768,-32768,-32768,-32768,-32768,-32768,-32768,-32768,-32768,-32768,-32768,-32768,-32768,-32768,  -180,  -180,  -180,    67,    38,    33,     3,    -4,     6,    15,    25,    39,    52,    64,    84,   111,   147,   190,   227,   272,   333,   365,   361,   375,   413,   453,   492,   523,   543,   559,   577,   592,   601,   608,   615,   614,   605,   594,   580,   555,   533,   512,-32768,-32768,-32768,-32768,-32768,-32768,-32768,-32768,-32768,-32768,-32768,-32768,-32768,-32768,-32768,   305,   283,   257,   238,   232,   203,   199,   185,   168,   141,   104,    52,    53,    54,    37,    38,    10,   -52,   -59,   -66,   -87,  -126,  -152,  -136,  -125,  -116,  -111,  -107,-32768,-32768,-32768,  -170,  -180,  -172,  -180,-32768,-32768,-32768,-32768,  -159,  -165,-32768,-32768,-32768,-32768,-32768,-32768,-32768,-32768,-32768,-32768,-32768,-32768,-32768,-32768,-32768,-32768,-32768,-32768,-32768,-32768,-32768,-32768,-32768,-32768,-32768,-32768,-32768,-32768,-32768,-32768,-32768,-32768,-32768,-32768,-32768,-32768,-32768,-32768,-32768,-32768,-32768,-32768,-32768,-32768,-32768,-32768,-32768,-32768,-32768,-32768,-32768,-32768,-32768,-32768,-32768,-32768,-32768,-32768,-32768,-32768,-32768,-32768,-32768,-32768,-32768,-32768,-32768,-32768,-32768,-32768,-32768,-32768,-32768,-32768,-32768,-32768,-32768,-32768,-32768,-32768,-32768,-32768,-32768,-32768,-32768,-32768,  -180,  -180,-32768,-32768,-32768,-32768,-32768,-32768,-32768,  -180, -1000,-32768,-32768,-32768,-32768,-32768,-32768,-32768, -1000, -1000,
-32768,-32768,  -180,  -180, -1000, -1000, -1000, -1000,  -180,  -180,  -180,  -180,  -180,  -180,-32768,-32768,-32768,-32768,-32768,-32768,-32768,-32768,-32768,-32768,-32768,-32768,-32768,-32768,-32768,-32768,-32768,-32768,-32768,-32768,-32768,-32768,-32768,-32768,-32768,-32768,-32768,-32768,-32768,-32768,-32768,-32768,-32768,-32768,-32768,-32768,-32768,-32768,-32768,-32768,-32768,-32768,-32768,-32768,-32768,-32768,-32768,-32768,-32768,-32768,-32768,  -180,  -180,  -180,  -180,  -180,  -180,  -180,  -180,-32768,-32768,  -180,  -180,  -180,  -180,  -180,  -180,  -180,-32768,-32768,  -180,  -180,-32768,-32768,-32768,-32768,-32768,-32768,  -180, -1000,-32768,-32768,-32768,-32768,  -180,  -180,  -180, -1000, -1000, -1000, -1000, -1000,-32768,-32768,-32768,-32768,-32768,-32768, -1000, -1000, -1000, -1000, -1000, -1000, -1000, -1000,  -180,  -180, -1000,  -180,  -180,  -164,  -121,  -111,-32768,-32768,-32768,-32768,-32768,-32768,-32768,-32768,-32768,-32768,-32768,-32768,-32768,-32768,-32768,-32768,-32768,-32768,-32768,-32768,-32768,-32768,-32768,-32768,  -180,  -180,  -180,  -180,  -180,   -77,    68,   146,   145,   116,    84,    77,    90,    94,    91,    90,    88,    91,   106,   148,   219,   273,   300,   332,   375,   407,   421,   442,   474,   511,   548,   579,   600,   614,   628,   640,   647,   647,   638,   618,   586,   554,   533,   537,-32768,-32768,-32768,-32768,-32768,-32768,-32768,-32768,-32768,-32768,-32768,-32768,-32768,-32768,-32768,-32768,-32768,-32768,-32768,-32768,-32768,-32768,   165,   162,   152,    96,    75,    48,    32,    33,    15,   -15,   -61,   -59,   -79,   -73,-32768,-32768,  -180,  -180,-32768,-32768,-32768,-32768,-32768,-32768,-32768,-32768,-32768,-32768,-32768,-32768,-32768,-32768,-32768,-32768,-32768,  -158,  -159,-32768,-32768,-32768,-32768,-32768,-32768,-32768,-32768,-32768,-32768,-32768,-32768,-32768,-32768,-32768,-32768,-32768,-32768,-32768,-32768,-32768,-32768,-32768,-32768,-32768,-32768,-32768,-32768,-32768,-32768,-32768,-32768,-32768,-32768,-32768,-32768,-32768,-32768,-32768,-32768,-32768,-32768,-32768,-32768,-32768,-32768,-32768,-32768,-32768,-32768,-32768,-32768,-32768,-32768,-32768,-32768,-32768,-32768,-32768,-32768,-32768,-32768,-32768,-32768,-32768,-32768,-32768,-32768,-32768,-32768,-32768,-32768,-32768,-32768,-32768,-32768,-32768,-32768,-32768,-32768,-32768,-32768,-32768,-32768,-32768,-32768,-32768,-32768,-32768,-32768,-32768,-32768,-32768,-32768,-32768,-32768,-32768,-32768,-32768,-32768,-32768,-32768,-32768,-32768,-32768,
-32768,-32768,-32768,-32768,-32768, -1000,  -180,  -180,  -180,  -180, -1000, -1000,  -180,  -180,  -180,  -180,-32768,-32768,-32768,-32768,-32768,-32768,-32768,-32768,-32768,-32768,-32768,-32768,-32768,-32768,-32768,-32768,-32768,-32768,-32768,-32768,-32768,-32768,-32768,-32768,-32768,-32768,-32768,-32768,-32768,-32768,-32768,-32768,-32768,-32768,-32768,-32768,-32768,-32768,-32768,-32768,-32768,-32768,-32768,-32768,-32768,-32768,-32768,-32768,-32768,-32768,-32768,-32768,-32768,-32768,-32768,  -180,-32768,-32768,-32768,-32768,-32768,-32768,-32768,-32768,-32768,-32768,-32768,-32768,-32768,-32768,-32768,-32768,-32768,-32768,-32768,-32768,-32768,-32768,-32768,-32768,-32768,-32768,  -180,  -180, -1000, -1000, -1000,-32768, -1000, -1000, -1000, -1000,-32768,-32768,-32768,-32768,-32768,-32768,-32768,-32768, -1000, -1000, -1000,  -180,  -180,  -180,  -180,  -180,  -180,   -78,-32768,-32768,-32768,-32768,-32768,-32768,-32768,-32768,-32768,-32768,-32768,-32768,-32768,-32768,-32768,-32768,-32768,-32768,-32768,-32768,-32768,  -161,  -180,  -180,  -180,  -180,  -180,  -165,   -20,   107,   183,   160,   201,   226,   224,   202,   168,   151,   159,   160,   149,   139,   130,   131,   146,   189,   260,   311,   334,   359,   391,   421,   447,   477,   513,   553,   593,   624,   645,   658,   668,   679,   684,   677,   657,   622,   579,   529,   508,-32768,-32768,-32768,-32768,-32768,-32768,-32768,-32768,-32768,-32768,-32768,-32768,-32768,-32768,-32768,-32768,-32768,-32768,-32768,-32768,-32768,-32768,-32768,-32768,-32768,-32768,    10,     3,    -6,-32768,  -137,  -136,   -82,-32768,-32768,-32768,-32768,-32768,-32768,-32768,-32768,-32768,-32768,-32768,-32768,-32768,-32768,-32768,-32768,-32768,-32768,-32768,-32768,-32768,-32768,-32768,-32768,-32768,  -144,-32768,-32768,-32768,-32768,-32768,-32768,-32768,-32768,-32768,-32768,-32768,-32768,-32768,-32768,-32768,-32768,-32768,-32768,-32768,-32768,-32768,-32768,-32768,-32768,-32768,-32768,-32768,-32768,-32768,-32768,-32768,-32768,-32768,-32768,-32768,-32768,-32768,-32768,-32768,-32768,-32768,-32768,-32768,-32768,-32768,-32768,-32768,-32768,-32768,-32768,-32768,-32768,-32768,-32768,-32768,-32768,-32768,-32768,-32768,-32768,-32768,-32768,-32768,-32768,-32768,-32768,-32768,-32768,-32768,-32768,-32768,-32768,-32768,-32768,-32768,-32768,-32768,-32768,-32768,-32768,-32768,-32768,-32768,-32768,-32768,-32768,-32768,-32768,-32768,-32768,-32768,-32768,-32768,-32768,-32768,-32768,-32768,-32768,-32768,-32768,-32768,-32768,-32768,-32768,-32768,-32768,
-32768,-32768,-32768,-32768,-32768,-32768,-32768,-32768,-32768,  -180,  -180,  -180,  -180,  -180, -1000,  -180,  -180,  -180,-32768,-32768,-32768,-32768,-32768,-32768,-32768,-32768,-32768,-32768,-32768,-32768,-32768,-32768,-32768,-32768,-32768,-32768,-32768,-32768,-32768,-32768,-32768,-32768,-32768,-32768,-32768,-32768,-32768,-32768,-32768,-32768,-32768,-32768,-32768,-32768,-32768,-32768,-32768,-32768,-32768,-32768,-32768,-32768,-32768,-32768,-32768,-32768,-32768,-32768,-32768,-32768,-32768,-32768,-32768,-32768,-32768,-32768,-32768,-32768,-32768,-32768,-32768,-32768,-32768,-32768,-32768,-32768,-32768,-32768,-32768,-32768,-32768,-32768,-32768,-32768,-32768,-32768,-32768,  -180,  -180, -1000, -1000, -1000, -1000, -1000, -1000, -1000,-32768,-32768,-32768,-32768,-32768,-32768,-32768,-32768,-32768,-32768,-32768,-32768, -1000,  -180,  -180,  -180,  -180,  -180,  -116,   -28,    31,-32768,-32768,-32768,-32768,-32768,-32768,-32768,-32768,-32768,-32768,-32768,-32768,-32768,-32768,-32768,-32768,-32768,-32768,  -180,    66,    14,    37,    95,   169,   223,   235,   212,   265,   317,   326,   247,   244,   261,   262,   238,   207,   187,   190,   191,   230,   218,   212,   216,   232,   258,   289,   319,   342,   368,   399,   430,   462,   499,   542,   589,   633,   665,   682,   692,   698,   706,   710,   701,   677,   641,   586,-32768,-32768,-32768,-32768,-32768,-32768,-32768,-32768,-32768,-32768,-32768,-32768,-32768,-32768,-32768,-32768,-32768,-32768,-32768,-32768,-32768,  -180,-32768,-32768,-32768,-32768,-32768,   -65,   -31,   -65,   -45,-32768,-32768,-32768,-32768,-32768,-32768,-32768,-32768,-32768,-32768,-32768,-32768,-32768,-32768,-32768,-32768,-32768,-32768,-32768,-32768,-32768,-32768,-32768,-32768,-32768,-32768,-32768,-32768,-32768,-32768,-32768,-32768,-32768,-32768,-32768,-32768,-32768,-32768,-32768,-32768,-32768,-32768,-32768,-32768,-32768,-32768,-32768,-32768,-32768,-32768,-32768,-32768,-32768,-32768,-32768,-32768,-32768,-32768,-32768,-32768,-32768,-32768,-32768,-32768,-32768,-32768,-32768,-32768,-32768,-32768,-32768,-32768,-32768,-32768,-32768,-32768,-32768,-32768,-32768,-32768,-32768,-32768,-32768,-32768,-32768,-32768,-32768,-32768,-32768,-32768,-32768,-32768,-32768,-32768,-32768,-32768,-32768,-32768,-32768,-32768,-32768,-32768,-32768,-32768,-32768,-32768,-32768,-32768,-32768,-32768,-32768,-32768,-32768,-32768,-32768,-32768,-32768,-32768,-32768,-32768,-32768,-32768,-32768,-32768,-32768,-32768,-32768,-32768,-32768,-32768,-32768,-32768,-32768,-32768,-32768,-32768,
   -63,    11,    20,-32768,-32768,-32768,-32768,-32768,   -89,  -153,  -136,  -154,  -153,-32768,-32768,-32768,-32768,-32768,-32768,-32768,-32768,-32768,-32768,-32768,-32768,-32768,-32768,-32768,-32768,-32768,-32768,-32768,-32768,-32768,-32768,-32768,-32768,-32768,-32768,-32768,-32768,-32768,-32768,-32768,-32768,-32768,-32768,-32768,-32768,-32768,-32768,-32768,-32768,-32768,-32768,-32768,-32768,-32768,-32768,-32768,-32768,-32768,-32768,-32768,-32768,-32768,-32768,-32768,-32768,-32768,-32768,-32768,-32768,-32768,-32768,-32768,-32768,-32768,-32768,-32768,-32768,-32768,-32768,-32768,-32768,-32768,-32768,-32768,-32768,-32768,-32768,-32768,-32768,-32768,-32768,-32768,  -180,  -180,  -180, -1000, -1000,  -180, -1000, -1000, -1000, -1000,-32768,-32768,-32768,-32768,-32768,-32768,-32768,  -180,  -180,-32768,-32768,  -180, -1000, -1000,  -180,  -180,  -180,  -180,  -153,   -29,    30,-32768,-32768,-32768,-32768,-32768,-32768,-32768,-32768,-32768,-32768,-32768,-32768,-32768,-32768,   -64,    95,   203,   272,   223,   211,   254,   311,   392,   451,   474,   477,   478,   489,   479,   453,-32768,-32768,-32768,-32768,-32768,-32768,-32768,-32768,-32768,   355,   346,   348,   354,   361,   366,   366,   371,   382,   401,   430,   460,   494,   531,   574,   620,   662,   693,   711,   716,   714,   717,   719,   708,   685,   655,-32768,-32768,-32768,-32768,-32768,-32768,-32768,-32768,-32768,-32768,   132,   129,    63,-32768,-32768,-32768,-32768,-32768,-32768,-32768,-32768,-32768,-32768,   -86,   -75,   -67,   -50,   -30,-32768,-32768,-32768,-32768,-32768,-32768,-32768,-32768,-32768,-32768,-32768,-32768,-32768,-32768,-32768,-32768,-32768,-32768,-32768,-32768,-32768,-32768,-32768,-32768,-32768,-32768,-32768,-32768,-32768,-32768,-32768,-32768,-32768,-32768,-32768,-32768,-32768,-32768,-32768,-32768,-32768,-32768,-32768,-32768,-32768,-32768,-32768,-32768,-32768,-32768,-32768,-32768,-32768,-32768,-32768,-32768,-32768,-32768,-32768,-32768,-32768,-32768,-32768,-32768,-32768,-32768,-32768,-32768,-32768,-32768,-32768,-32768,-32768,-32768,-32768,-32768,-32768,-32768,-32768,-32768,-32768,-32768,-32768,-32768,-32768,-32768,-32768,-32768,-32768,-32768,-32768,-32768,-32768,-32768,-32768,-32768,-32768,-32768,-32768,-32768,-32768,-32768,-32768,-32768,-32768,-32768,-32768,-32768,-32768,-32768,-32768,-32768,-32768,-32768,-32768,-32768,-32768,-32768,-32768,-32768,-32768,-32768,-32768,-32768,-32768,-32768,-32768,-32768,-32768,-32768,-32768,-32768,-32768,-32768,-32768,-32768,-32768,-32768,-32768,-32768,
  -180,  -146,   -70,    -2,    12,    27,-32768,    44,   -47,  -180,  -180,  -180,  -180,  -180,  -170,  -171,  -121,   -91,   -92,-32768,-32768,-32768,-32768,-32768,-32768,-32768,-32768,-32768,-32768,-32768,-32768,-32768,-32768,-32768,-32768,-32768,-32768,-32768,-32768,-32768,-32768,-32768,-32768,-32768,-32768,-32768,-32768,-32768,-32768,-32768,-32768,-32768,-32768,-32768,-32768,-32768,-32768,-32768,-32768,-32768,-32768,-32768,-32768,-32768,-32768,-32768,-32768,-32768,-32768,-32768,-32768,-32768,-32768,-32768,-32768,-32768,-32768,-32768,-32768,-32768,-32768,-32768,-32768,-32768,-32768,-32768,-32768,-32768,-32768,-32768,-32768,-32768,  -180,  -180,-32768,-32768,-32768,-32768,  -180,  -180,  -180,  -180,-32768,-32768,-32768,  -180,-32768,-32768,-32768,-32768,-32768,-32768,-32768,-32768,-32768,  -180,  -180,  -180,  -180,  -180,  -180,  -180,  -180,  -180,  -139,   -30,    40,    76,-32768,-32768,-32768,-32768,-32768,-32768,-32768,-32768,-32768,-32768,-32768,    -2,    48,    80,   177,   272,   345,   389,   414,   440,   481,   535,   579,   595,   590,   598,   618,   605,   575,   630,-32768,-32768,-32768,-32768,-32768,-32768,   693,   656,   518,   512,   533,   538,   525,   509,   488,   469,   458,   465,   490,   517,   547,   581,   617,   653,   681,   705,   724,   724,   713,   711,   711,   705,   684,-32768,-32768,-32768,-32768,-32768,-32768,-32768,-32768,-32768,-32768,   191,   132,   129,-32768,-32768,-32768,-32768,-32768,-32768,-32768,-32768,-32768,-32768,-32768,  -180,  -180,-32768,-32768,-32768,-32768,-32768,-32768,-32768,-32768,-32768,-32768,-32768,-32768,-32768,-32768,-32768,-32768,-32768,-32768,-32768,-32768,-32768,-32768,-32768,-32768,-32768,-32768,-32768,-32768,-32768,-32768,-32768,-32768,-32768,-32768,-32768,-32768,-32768,-32768,-32768,-32768,-32768,-32768,-32768,-32768,-32768,-32768,-32768,-32768,-32768,-32768,-32768,-32768,-32768,-32768,-32768,-32768,-32768,-32768,-32768,-32768,-32768,-32768,-32768,-32768,-32768,-32768,-32768,-32768,-32768,-32768,-32768,-32768,-32768,-32768,-32768,-32768,-32768,-32768,-32768,-32768,-32768,-32768,-32768,-32768,-32768,-32768,-32768,-32768,-32768,-32768,-32768,-32768,-32768,-32768,-32768,-32768,-32768,-32768,-32768,-32768,-32768,-32768,-32768,-32768,-32768,-32768,-32768,-32768,-32768,-32768,-32768,-32768,-32768,-32768,-32768,-32768,-32768,-32768,-32768,-32768,-32768,-32768,-32768,-32768,-32768,-32768,-32768,-32768,-32768,-32768,-32768,-32768,-32768,-32768,-32768,-32768,-32768,-32768,-32768,-32768,-32768,  -180,  -180,
  -180,  -180,  -180,  -180,  -121,   -76,   -54,     5,   -54,  -112,  -180,  -180,  -180,  -180,  -180,  -180,  -180,  -180,-32768,-32768,-32768,-32768,-32768,-32768,-32768,-32768,-32768,-32768,-32768,-32768,-32768,-32768,-32768,-32768,-32768,-32768,-32768,-32768,-32768,-32768,-32768,-32768,-32768,-32768,-32768,-32768,-32768,-32768,-32768,-32768,-32768,-32768,-32768,-32768,-32768,-32768,-32768,-32768,-32768,-32768,-32768,-32768,-32768,-32768,-32768,-32768,-32768,-32768,-32768,-32768,-32768,-32768,-32768,-32768,-32768,-32768,-32768,-32768,-32768,-32768,-32768,-32768,-32768,-32768,-32768,-32768,-32768,-32768,-32768,  -175,  -164,  -180,  -180,  -180,-32768,-32768,  -180,  -180,  -180,  -180,  -180,  -180,  -180,  -180,  -180,  -180,  -180, -1000,-32768,-32768,-32768,-32768,-32768,-32768,-32768,  -168,  -180,  -180,  -180,  -180,  -180,  -180,  -180,  -144,  -101,   -22,    49,    85,   104,-32768,-32768,-32768,-32768,-32768,-32768,-32768,-32768,-32768,-32768,    23,   141,   265,   330,   384,   445,   477,   487,   510,   541,   574,   615,   638,   639,   653,   682,   689,   677,   678,   744,   759,   767,   775,   787,   788,   733,   706,   674,   669,   689,   688,   663,   632,   596,   567,   552,   557,   576,   599,   625,   652,   679,   696,   698,   696,   695,   689,   680,   704,   704,-32768,-32768,-32768,-32768,-32768,-32768,-32768,-32768,-32768,-32768,   185,   183,   191,-32768,-32768,-32768,-32768,-32768,-32768,-32768,-32768,-32768,-32768,-32768,-32768,-32768,-32768,-32768,-32768,-32768,-32768,-32768,-32768,-32768,-32768,-32768,-32768,-32768,-32768,-32768,-32768,-32768,-32768,-32768,-32768,-32768,-32768,-32768,-32768,-32768,-32768,-32768,-32768,-32768,-32768,-32768,-32768,-32768,-32768,-32768,-32768,-32768,-32768,-32768,-32768,-32768,-32768,-32768,-32768,-32768,-32768,-32768,-32768,-32768,-32768,-32768,-32768,-32768,-32768,-32768,-32768,-32768,-32768,-32768,-32768,-32768,-32768,-32768,-32768,-32768,-32768,-32768,-32768,-32768,-32768,-32768,-32768,-32768,-32768,-32768,-32768,-32768,-32768,-32768,-32768,-32768,-32768,-32768,-32768,-32768,-32768,-32768,-32768,-32768,-32768,-32768,-32768,-32768,-32768,-32768,-32768,-32768,-32768,-32768,-32768,-32768,-32768,-32768,-32768,-32768,-32768,-32768,-32768,-32768,-32768,-32768,-32768,-32768,-32768,-32768,-32768,-32768,-32768,-32768,-32768,-32768,-32768,-32768,-32768,-32768,-32768,-32768,-32768,-32768,-32768,-32768,-32768,-32768,-32768,-32768,-32768,-32768,-32768,-32768,-32768,-32768,-32768,-32768,-32768,-32768,  -180,
  -114,  -180,  -180,  -180,  -154,  -146,   -96,   -61,   -64,   -64,   -77,  -113,  -143,  -151,  -170,-32768,-32768,-32768,-32768,-32768,-32768,-32768,-32768,-32768,-32768,-32768,-32768,-32768,-32768,-32768,-32768,-32768,-32768,-32768,-32768,-32768,-32768,-32768,-32768,-32768,-32768,-32768,-32768,-32768,-32768,-32768,-32768,-32768,-32768,-32768,-32768,-32768,-32768,-32768,-32768,-32768,-32768,-32768,-32768,-32768,-32768,-32768,-32768,-32768,-32768,-32768,-32768,-32768,-32768,-32768,-32768,-32768,-32768,-32768,-32768,-32768,-32768,-32768,-32768,-32768,-32768,-32768,-32768,-32768,-32768,-32768,-32768,  -180,  -163,  -175,  -180,  -180, -1000, -1000, -1000, -1000, -1000,  -180,  -180,  -180,  -180,  -180,  -180,  -180,  -180,  -180,  -180,  -180,  -180, -1000, -1000,-32768,-32768,  -180,  -180,  -161,  -167,  -180,  -173,  -167,  -166,  -164,  -152,  -121,   -76,   -17,    54,   106,   121,   129,-32768,-32768,-32768,-32768,-32768,-32768,-32768,-32768,   -31,    97,   310,   428,   433,   444,   481,   502,   509,   527,   554,   590,   633,   666,   684,   701,   718,   731,   741,   754,   770,   784,   791,   796,   802,   802,   793,   785,   778,   775,   775,   767,   747,   715,   673,   651,   655,   665,   676,   690,   708,   726,   742,   737,   706,   668,   638,   655,   653,-32768,-32768,-32768,-32768,-32768,-32768,-32768,-32768,-32768,-32768,-32768,   176,   182,   186,-32768,-32768,-32768,-32768,-32768,-32768,-32768,-32768,-32768,-32768,-32768,-32768,-32768,-32768,-32768,-32768,-32768,-32768,-32768,-32768,-32768,-32768,-32768,-32768,-32768,-32768,-32768,-32768,-32768,-32768,-32768,-32768,-32768,-32768,-32768,-32768,-32768,-32768,-32768,-32768,-32768,-32768,-32768,-32768,-32768,-32768,-32768,-32768,-32768,-32768,-32768,-32768,-32768,-32768,-32768,-32768,-32768,-32768,-32768,-32768,-32768,-32768,-32768,-32768,-32768,-32768,-32768,-32768,-32768,-32768,-32768,-32768,-32768,-32768,-32768,-32768,-32768,-32768,-32768,-32768,-32768,-32768,-32768,-32768,-32768,-32768,-32768,-32768,-32768,-32768,-32768,-32768,-32768,-32768,-32768,-32768,-32768,-32768,-32768,-32768,-32768,-32768,-32768,-32768,-32768,-32768,-32768,-32768,-32768,-32768,-32768,-32768,-32768,-32768,-32768,-32768,-32768,-32768,-32768,-32768,-32768,-32768,-32768,-32768,-32768,-32768,-32768,-32768,-32768,-32768,-32768,-32768,-32768,-32768,-32768,-32768,-32768,-32768,-32768,-32768,-32768,-32768,-32768,-32768,-32768,-32768,-32768,-32768,-32768,-32768,-32768,-32768,-32768,-32768,-32768,-32768,    29,   -48,   -89,
   -91,  -130,  -172,  -180,  -180,  -180,  -180,  -180,  -180,  -180,  -171,  -180,  -158,  -143,-32768,-32768,-32768,-32768,-32768,-32768,-32768,-32768,-32768,-32768,-32768,-32768,-32768,-32768,-32768,-32768,-32768,-32768,-32768,-32768,-32768,-32768,-32768,-32768,-32768,-32768,-32768,-32768,-32768,-32768,-32768,-32768,-32768,-32768,-32768,-32768,-32768,-32768,-32768,-32768,-32768,-32768,-32768,-32768,-32768,-32768,-32768,-32768,-32768,-32768,-32768,-32768,-32768,-32768,-32768,-32768,-32768,-32768,-32768,-32768,-32768,-32768,-32768,-32768,-32768,-32768,-32768,-32768,-32768,-32768,-32768,-32768,  -163,  -153,  -180,  -180,  -180, -1000, -1000, -1000, -1000, -1000, -1000, -1000, -1000, -1000, -1000, -1000,-32768,-32768,-32768,-32768,-32768,-32768,  -180,  -180,  -180,  -180,  -180,  -180,  -180,  -161,  -137,  -143,  -136,  -118,  -136,  -134,  -115,   -77,   -34,    23,   100,   153,   158,   140,   126,-32768,-32768,-32768,-32768,-32768,-32768,   -37,    12,   196,   390,   464,   451,   454,   484,   509,   527,   552,   585,   620,   657,   690,   717,   737,   750,   766,   785,   803,   819,   830,   836,   838,   836,   834,   831,   831,   834,   835,   833,   827,   812,   786,   749,   731,   738,   744,   743,   747,   754,   762,   767,   748,   702,   647,   613,-32768,-32768,-32768,-32768,-32768,-32768,-32768,-32768,-32768,-32768,-32768,-32768,   194,   180,   191,   205,   220,-32768,-32768,-32768,-32768,-32768,-32768,-32768,-32768,   171,   201,-32768,-32768,-32768,-32768,-32768,-32768,-32768,-32768,-32768,-32768,-32768,-32768,-32768,-32768,-32768,-32768,-32768,-32768,-32768,-32768,-32768,-32768,-32768,-32768,-32768,-32768,-32768,-32768,-32768,-32768,-32768,-32768,-32768,-32768,-32768,-32768,-32768,-32768,-32768,-32768,-32768,-32768,-32768,-32768,-32768,-32768,-32768,-32768,-32768,-32768,-32768,-32768,-32768,-32768,-32768,-32768,-32768,-32768,-32768,-32768,-32768,-32768,-32768,-32768,-32768,-32768,-32768,-32768,-32768,-32768,-32768,-32768,-32768,-32768,-32768,-32768,-32768,-32768,-32768,-32768,-32768,-32768,-32768,-32768,-32768,-32768,-32768,-32768,-32768,-32768,-32768,-32768,-32768,-32768,-32768,-32768,-32768,-32768,-32768,-32768,-32768,-32768,-32768,-32768,-32768,-32768,-32768,-32768,-32768,-32768,-32768,-32768,-32768,-32768,-32768,-32768,-32768,-32768,-32768,-32768,-32768,-32768,-32768,-32768,-32768,  -180,  -105,   -64,-32768,-32768,   -43,   -43,-32768,-32768,-32768,-32768,-32768,-32768,-32768,-32768,-32768,    72,    88,    83,    82,    52,   -35,   -75,
    33,   -44,  -146,  -180,  -180,  -180,  -153,  -145,  -180,  -180,  -180,  -171,  -146,  -124,   -88,-32768,-32768,-32768,-32768,-32768,-32768,-32768,-32768,-32768,-32768,-32768,-32768,-32768,-32768,-32768,-32768,-32768,   527,   525,-32768,-32768,-32768,-32768,-32768,-32768,-32768,-32768,-32768,-32768,-32768,-32768,-32768,-32768,-32768,-32768,-32768,-32768,-32768,-32768,-32768,-32768,-32768,-32768,-32768,-32768,-32768,-32768,-32768,-32768,-32768,-32768,-32768,-32768,-32768,-32768,-32768,-32768,-32768,-32768,-32768,-32768,-32768,-32768,-32768,-32768,-32768,-32768,-32768,-32768,-32768,  -180,  -163,  -180,  -180,  -180,  -180, -1000, -1000, -1000, -1000, -1000, -1000, -1000, -1000, -1000, -1000, -1000,-32768,-32768,-32768,-32768,-32768,-32768,-32768,-32768,  -180,  -161,  -149,  -154,  -180,  -180,   -99,   -75,  -130,  -130,  -128,  -109,   -68,    -2,    71,   138,   202,   225,   202,   169,   140,   139,   140,   149,   166,-32768,-32768,    49,   149,   307,   397,   424,   422,   437,   474,   512,   552,   593,   634,   666,   686,   710,   738,   761,   781,   801,   821,   839,   855,   867,   875,   876,   871,   867,   864,   862,   863,   871,   884,   885,   871,   850,   824,   804,   792,   781,   767,   759,   758,   757,   755,   734,   691,   642,   613,-32768,-32768,-32768,-32768,-32768,-32768,-32768,-32768,-32768,-32768,-32768,-32768,-32768,   207,   223,   235,   227,-32768,-32768,-32768,-32768,-32768,    57,-32768,-32768,-32768,   183,   171,-32768,-32768,-32768,-32768,-32768,-32768,-32768,-32768,-32768,-32768,-32768,-32768,-32768,-32768,-32768,-32768,-32768,-32768,-32768,-32768,-32768,-32768,-32768,-32768,-32768,-32768,-32768,-32768,-32768,-32768,-32768,-32768,-32768,-32768,-32768,-32768,-32768,-32768,-32768,-32768,-32768,-32768,-32768,-32768,-32768,-32768,-32768,-32768,-32768,-32768,-32768,-32768,-32768,-32768,-32768,-32768,-32768,-32768,-32768,-32768,-32768,-32768,-32768,-32768,-32768,-32768,-32768,-32768,-32768,-32768,-32768,-32768,-32768,-32768,-32768,-32768,-32768,-32768,-32768,-32768,-32768,-32768,-32768,-32768,-32768,-32768,-32768,-32768,-32768,-32768,-32768,-32768,-32768,-32768,-32768,-32768,-32768,-32768,-32768,-32768,-32768,-32768,-32768,-32768,-32768,-32768,-32768,-32768,-32768,-32768,-32768,-32768,-32768,-32768,-32768,-32768,-32768,-32768,-32768,-32768,-32768,-32768,  -180,  -180,  -141,  -114,   -98,   -27,     6,-32768,-32768,-32768,-32768,-32768,-32768,    74,-32768,-32768,    71,    72,    85,    93,    97,   101,    95,    85,    85,
    85,    59,   -15,  -113,  -137,  -154,  -180,  -180,  -180,  -180,  -136,  -146,  -129,  -111,   -90,   -73,   -20,    48,-32768,-32768,-32768,-32768,-32768,-32768,-32768,-32768,   378,   391,   423,   459,   492,   504,   510,   507,   498,   495,   487,   485,   489,   499,   513,   515,-32768,-32768,-32768,-32768,-32768,-32768,-32768,-32768,-32768,-32768,-32768,-32768,-32768,-32768,-32768,-32768,-32768,-32768,-32768,-32768,-32768,-32768,-32768,-32768,-32768,-32768,-32768,-32768,-32768,-32768,-32768,-32768,-32768,-32768,-32768,-32768,-32768,-32768,-32768,-32768,-32768,-32768,-32768,  -180,  -180,  -180,  -180,  -180, -1000, -1000, -1000, -1000, -1000, -1000, -1000, -1000, -1000, -1000, -1000, -1000,-32768,-32768,-32768,-32768,-32768,-32768,-32768,-32768,  -180,  -143,  -120,  -161,  -180,-32768,  -167,   -89,  -136,  -174,  -143,  -107,   -41,    65,   191,   267,   286,   271,   237,   202,   173,   163,   168,   175,   187,   237,   262,   207,   290,   377,   395,   403,   415,   444,   492,   540,   585,   627,   665,   691,   705,   727,   757,   782,   806,   829,   849,   866,   882,   894,   904,   906,   901,   896,   893,   893,   895,   906,   925,   929,   915,   896,   875,   846,   815,   784,   754,   738,   736,   735,   732,   716,   683,   648,   621,   613,-32768,-32768,-32768,-32768,-32768,-32768,-32768,-32768,-32768,-32768,-32768,-32768,   272,   281,   283,   256,   216,   180,   177,-32768,-32768,    57,-32768,-32768,-32768,-32768,-32768,-32768,-32768,-32768,-32768,-32768,-32768,-32768,-32768,-32768,-32768,-32768,-32768,-32768,-32768,-32768,-32768,-32768,-32768,-32768,-32768,-32768,-32768,-32768,-32768,-32768,-32768,-32768,-32768,-32768,-32768,-32768,-32768,-32768,-32768,-32768,-32768,-32768,-32768,-32768,-32768,-32768,-32768,-32768,-32768,-32768,-32768,-32768,-32768,-32768,-32768,-32768,-32768,-32768,-32768,-32768,-32768,-32768,-32768,-32768,-32768,-32768,-32768,-32768,-32768,-32768,-32768,-32768,-32768,-32768,-32768,-32768,-32768,-32768,-32768,-32768,-32768,-32768,-32768,-32768,-32768,-32768,-32768,-32768,-32768,-32768,-32768,-32768,-32768,-32768,-32768,-32768,-32768,-32768,-32768,-32768,-32768,-32768,-32768,-32768,-32768,-32768,-32768,-32768,-32768,-32768,-32768,-32768,-32768,-32768,-32768,-32768,-32768,-32768,-32768,-32768,-32768,  -180,  -180,-32768,-32768,-32768,  -180,   -42,    64,    24,   -45,   -35,   -27,-32768,-32768,   -48,    11,    59,    65,    65,    72,    72,    74,    77,    89,   103,   114,   123,   130,   133,   128,   111,
   126,   108,    94,    62,    24,   -11,   -51,  -112,  -136,  -145,  -107,   -99,   -95,   -98,   -96,   -82,   -57,   -34,    21,    69,    91,    96,-32768,-32768,-32768,-32768,   378,   387,   413,   445,   474,   483,   470,   466,   474,   474,   472,   472,   474,   487,   508,   515,   502,   519,   497,-32768,-32768,-32768,-32768,-32768,-32768,-32768,-32768,-32768,-32768,-32768,-32768,-32768,-32768,-32768,-32768,-32768,-32768,-32768,-32768,-32768,-32768,-32768,-32768,-32768,-32768,-32768,-32768,-32768,-32768,-32768,-32768,-32768,-32768,-32768,-32768,-32768,-32768,-32768,-32768,-32768,-32768,  -180, -1000, -1000, -1000, -1000, -1000, -1000, -1000, -1000, -1000, -1000, -1000, -1000, -1000, -1000,-32768,-32768,-32768,-32768,-32768,-32768,-32768,-32768,-32768,-32768,  -155,-32768,-32768,-32768,-32768,  -180,  -173,  -142,  -142,  -115,   -42,    81,   229,   310,   310,   287,   258,   230,   209,   207,   221,   228,   229,   251,   286,   310,   349,   380,   391,   408,   435,   481,   543,   591,   623,   650,   672,   693,   714,   741,   774,   804,   830,   854,   875,   892,   906,   918,   927,   931,   930,   926,   922,   924,   930,   943,   959,   962,   948,   927,   901,   861,   819,   777,   714,   700,   705,   711,   714,   705,   683,   661,   644,   626,   622,-32768,   489,   456,   428,-32768,-32768,-32768,-32768,-32768,-32768,   350,   334,   338,   329,   276,   207,   175,-32768,-32768,-32768,-32768,-32768,-32768,-32768,-32768,-32768,-32768,-32768,-32768,-32768,-32768,-32768,-32768,-32768,-32768,-32768,-32768,-32768,-32768,-32768,-32768,-32768,-32768,-32768,-32768,-32768,-32768,-32768,-32768,-32768,-32768,-32768,-32768,-32768,-32768,-32768,-32768,-32768,-32768,-32768,-32768,-32768,-32768,-32768,-32768,-32768,-32768,-32768,-32768,-32768,-32768,-32768,-32768,-32768,-32768,-32768,-32768,-32768,-32768,-32768,-32768,-32768,-32768,-32768,-32768,-32768,-32768,-32768,-32768,-32768,-32768,-32768,-32768,-32768,-32768,-32768,-32768,-32768,-32768,-32768,-32768,-32768,-32768,-32768,-32768,-32768,-32768,-32768,-32768,-32768,-32768,-32768,-32768,-32768,-32768,-32768,-32768,-32768,-32768,-32768,-32768,-32768,-32768,-32768,-32768,-32768,-32768,-32768,-32768,-32768,-32768,-32768,-32768,-32768,  -160,  -160,  -170,  -123,   -80,  -114,  -123,  -150,  -123,    -3,    85,    44,    58,    89,    77,    89,   -13,  -100,-32768,-32768,-32768,  -180,   -16,    28,    60,    65,    70,    79,    85,    90,    98,   109,   122,   135,   146,   154,   158,   157,   148,
   162,   160,   167,   150,   111,    81,    61,    41,    18,    -1,    -2,     4,    -2,   -14,   -22,   -23,   -18,    16,    87,   138,    91,    96,-32768,-32768,   297,   322,-32768,   380,   388,   407,   429,   434,   424,   421,   428,   432,   438,   447,   455,   472,   498,   512,   513,   534,   533,   544,-32768,-32768,-32768,-32768,-32768,-32768,-32768,-32768,-32768,-32768,-32768,-32768,-32768,-32768,-32768,-32768,-32768,-32768,-32768,-32768,-32768,-32768,-32768,-32768,-32768,-32768,-32768,-32768,-32768,-32768,-32768,-32768,-32768,-32768,-32768,-32768,-32768,-32768,-32768,-32768,-32768,  -180,  -180,  -180, -1000, -1000, -1000, -1000, -1000, -1000, -1000, -1000, -1000, -1000, -1000,  -180, -1000,-32768,-32768,-32768,-32768,-32768,-32768,-32768,-32768,-32768,-32768,-32768,-32768,-32768,-32768,-32768,  -180,  -107,  -115,  -105,   -52,    67,   215,   298,   307,   297,   279,   259,   244,   246,   265,   274,   268,   281,   318,   345,   361,   377,   393,   422,   468,   520,   576,   617,   640,   658,   673,   692,   714,   746,   786,   819,   843,   869,   895,   914,   929,   943,   954,   961,   961,   958,   955,   956,   963,   976,   989,   990,   977,   948,   909,   860,   826,-32768,   689,   671,   680,   693,   703,   698,   680,   666,   660,   646,   626,   571,   499,   456,   439,   445,-32768,-32768,-32768,-32768,-32768,   353,   351,   354,   337,   273,   197,   171,-32768,-32768,-32768,-32768,-32768,-32768,-32768,-32768,-32768,-32768,-32768,-32768,-32768,-32768,-32768,-32768,-32768,-32768,-32768,-32768,-32768,-32768,-32768,-32768,-32768,-32768,-32768,-32768,-32768,-32768,-32768,-32768,-32768,-32768,-32768,-32768,-32768,-32768,-32768,-32768,-32768,-32768,-32768,-32768,-32768,-32768,-32768,-32768,-32768,-32768,-32768,-32768,-32768,-32768,-32768,-32768,-32768,-32768,-32768,-32768,-32768,-32768,-32768,-32768,-32768,-32768,-32768,-32768,-32768,-32768,-32768,-32768,-32768,-32768,-32768,-32768,-32768,-32768,-32768,-32768,-32768,-32768,-32768,-32768,-32768,-32768,-32768,-32768,-32768,-32768,-32768,-32768,-32768,-32768,-32768,-32768,-32768,-32768,-32768,-32768,-32768,-32768,-32768,-32768,-32768,-32768,-32768,-32768,-32768,-32768,-32768,-32768,-32768,-32768,-32768,-32768,  -132,  -170,  -150,  -105,   -72,    19,    87,    89,    64,    89,    63,    39,    41,    59,   113,   104,    86,-32768,-32768,-32768,-32768,-32768,-32768,    39,    55,    66,    73,    83,    96,   106,   113,   124,   136,   147,   158,   166,   173,   178,   179,   174,
   206,   207,   207,   195,   170,   150,   137,   127,   117,   111,   117,   111,    98,   101,   106,    87,    50,    70,   153,   194,-32768,-32768,   299,   296,   294,   325,   364,   375,   363,   366,   383,   391,   388,   390,   396,   403,   412,   429,   453,   473,   487,   508,   532,   560,   593,   615,   629,   635,-32768,-32768,-32768,-32768,-32768,-32768,-32768,-32768,-32768,-32768,-32768,-32768,-32768,-32768,-32768,-32768,-32768,-32768,-32768,-32768,-32768,-32768,-32768,-32768,-32768,-32768,-32768,-32768,-32768,-32768,-32768,-32768,-32768,-32768,-32768,-32768,-32768,-32768,-32768,-32768,-32768,-32768,-32768,-32768, -1000, -1000, -1000, -1000, -1000, -1000, -1000, -1000, -1000,  -180,  -180, -1000,-32768,-32768,-32768,-32768,-32768,-32768,-32768,-32768,-32768,-32768,-32768,-32768,-32768,-32768,  -142,  -142,  -109,  -108,   -82,    12,   144,   233,   267,   283,   286,   282,   276,   282,   303,   311,   303,   308,   331,   350,   367,   382,   397,   437,   504,   554,   586,   615,   636,   653,   670,   688,   709,   746,   795,   830,   849,   875,   909,   934,   951,   969,   986,   996,   998,   997,   994,   994,   997,  1006,  1014,  1015,  1004,   968,   911,   859,   836,-32768,-32768,   662,   667,   680,   693,   689,   670,   661,   664,   656,   633,   566,   536,-32768,   452,   459,   499,-32768,-32768,-32768,   388,   368,   356,   349,   339,-32768,-32768,-32768,-32768,-32768,-32768,-32768,-32768,-32768,-32768,-32768,-32768,-32768,-32768,-32768,-32768,-32768,-32768,-32768,-32768,-32768,-32768,-32768,-32768,-32768,-32768,-32768,-32768,-32768,-32768,-32768,-32768,-32768,-32768,-32768,-32768,-32768,-32768,-32768,-32768,-32768,-32768,-32768,-32768,-32768,-32768,-32768,-32768,-32768,-32768,-32768,-32768,-32768,-32768,-32768,-32768,-32768,-32768,-32768,-32768,-32768,-32768,-32768,-32768,-32768,-32768,-32768,-32768,-32768,-32768,-32768,-32768,-32768,-32768,-32768,-32768,-32768,-32768,-32768,-32768,-32768,-32768,-32768,-32768,-32768,-32768,-32768,-32768,-32768,-32768,-32768,-32768,-32768,-32768,-32768,-32768,-32768,-32768,-32768,-32768,-32768,-32768,-32768,-32768,-32768,-32768,-32768,-32768,-32768,-32768,-32768,-32768,-32768,-32768,-32768,-32768,-32768,  -141,  -160,  -180,  -180,  -105,   -35,    43,    89,    89,    89,    76,    87,    82,    81,    71,    85,   110,   117,-32768,-32768,-32768,-32768,-32768,-32768,-32768,    67,    69,    78,    91,   103,   114,   122,   127,   143,   166,   180,   184,   188,   193,   199,   203,   206,
   226,   228,   228,   223,   209,   197,   189,   188,   191,   196,   200,   193,   182,   179,   173,   153,   126,   128,-32768,   181,   195,   232,   291,   304,   306,   332,   361,   367,   351,   349,   362,   370,   372,   376,   387,   397,   406,   425,   452,   470,   478,   500,   534,   567,   595,   617,   627,   632,   611,-32768,-32768,-32768,-32768,-32768,-32768,-32768,-32768,-32768,-32768,-32768,-32768,-32768,-32768,-32768,-32768,-32768,-32768,-32768,-32768,-32768,-32768,-32768,-32768,-32768,-32768,-32768,-32768,-32768,-32768,-32768,-32768,-32768,-32768,-32768,-32768,-32768,-32768,-32768,-32768,-32768,-32768,-32768,-32768,-32768, -1000, -1000, -1000, -1000,  -180, -1000, -1000, -1000,  -180,-32768,-32768,-32768,-32768,-32768,-32768,-32768,-32768,-32768,-32768,-32768,-32768,-32768,-32768,-32768,-32768,-32768,  -120,  -120,  -124,   -80,    -5,    79,   157,   218,   266,   293,   300,   315,   347,   361,   352,   356,   371,   383,   390,   400,   416,   454,   517,   561,   586,   610,   629,   645,   664,   686,   713,   755,   808,   847,   869,   896,   928,   953,   972,   993,  1014,  1026,  1029,  1030,  1032,  1032,  1029,  1031,  1032,  1025,  1006,   970,   914,   861,   846,-32768,-32768,-32768,   664,   678,   686,   683,   667,   663,   671,   664,   636,   569,   532,   480,   470,   479,-32768,   441,   431,   415,   398,   380,   362,   350,   347,-32768,-32768,-32768,-32768,-32768,-32768,-32768,-32768,-32768,-32768,-32768,-32768,-32768,-32768,-32768,-32768,-32768,-32768,-32768,-32768,-32768,-32768,-32768,-32768,-32768,-32768,-32768,-32768,-32768,-32768,-32768,-32768,-32768,-32768,-32768,-32768,-32768,-32768,-32768,-32768,-32768,-32768,-32768,-32768,-32768,-32768,-32768,-32768,-32768,-32768,-32768,-32768,-32768,-32768,-32768,-32768,-32768,-32768,-32768,-32768,-32768,-32768,-32768,-32768,-32768,-32768,-32768,-32768,-32768,-32768,-32768,-32768,-32768,-32768,-32768,-32768,-32768,-32768,-32768,-32768,-32768,-32768,-32768,-32768,-32768,-32768,-32768,-32768,-32768,-32768,-32768,-32768,-32768,-32768,-32768,-32768,-32768,-32768,-32768,-32768,-32768,-32768,-32768,-32768,-32768,-32768,-32768,-32768,-32768,-32768,-32768,-32768,-32768,-32768,-32768,  -180,  -180,  -180,  -180,  -180,  -180,  -132,  -141,    73,    89,    89,    89,   105,   120,   122,   117,   113,   118,   121,   121,-32768,-32768,-32768,-32768,-32768,-32768,    84,    86,    91,   101,   115,   127,   137,   144,   150,   168,   195,   208,   208,   210,   215,   218,   218,   220,
   227,   234,   243,   241,   224,   219,   231,   244,   253,   256,   253,   255,   264,   256,   234,   222,   224,   223,   263,   224,   241,   270,   305,   322,   325,   335,   353,   359,   352,   351,   359,   364,   364,   373,   392,   407,   417,   432,   452,   466,   474,   494,   526,   557,   585,   608,   622,   623,   615,   599,-32768,-32768,-32768,-32768,-32768,-32768,-32768,-32768,-32768,-32768,-32768,-32768,-32768,-32768,-32768,-32768,-32768,-32768,-32768,-32768,-32768,-32768,-32768,-32768,-32768,-32768,-32768,-32768,-32768,-32768,-32768,-32768,-32768,-32768,-32768,-32768,-32768,-32768,-32768,-32768,-32768,-32768,-32768,-32768,-32768,-32768,-32768,-32768,  -180,  -180, -1000,-32768,-32768,-32768,-32768,-32768,-32768,-32768,-32768,-32768,-32768,-32768,-32768,-32768,-32768,-32768,-32768,-32768,-32768,-32768,-32768,-32768,  -141,  -124,  -114,   -59,    33,   131,   233,   294,   313,   348,   403,   430,   428,   438,   455,   457,   447,   447,   463,   486,   519,   554,   588,   616,   630,   646,   668,   697,   735,   781,   830,   873,   908,   934,   954,   974,   994,  1015,  1038,  1050,  1051,  1056,  1064,  1064,  1055,  1050,  1045,  1025,   994,   963,-32768,-32768,   860,   863,   856,-32768,-32768,   680,   689,   687,   679,   679,   689,   677,   640,   588,   532,   462,   487,   485,   454,   441,   431,   415,   408,-32768,-32768,-32768,-32768,-32768,-32768,-32768,-32768,-32768,-32768,-32768,-32768,-32768,-32768,-32768,-32768,-32768,-32768,-32768,-32768,-32768,-32768,-32768,-32768,-32768,-32768,-32768,-32768,-32768,-32768,-32768,-32768,-32768,-32768,-32768,-32768,-32768,-32768,-32768,-32768,-32768,-32768,-32768,-32768,-32768,-32768,-32768,-32768,-32768,-32768,-32768,-32768,-32768,-32768,-32768,-32768,-32768,-32768,-32768,-32768,-32768,-32768,-32768,-32768,-32768,-32768,-32768,-32768,-32768,-32768,-32768,-32768,-32768,-32768,-32768,-32768,-32768,-32768,-32768,-32768,-32768,-32768,-32768,-32768,-32768,-32768,-32768,-32768,-32768,-32768,-32768,-32768,-32768,-32768,-32768,-32768,-32768,-32768,-32768,-32768,-32768,-32768,-32768,-32768,-32768,-32768,-32768,-32768,-32768,-32768,-32768,-32768,-32768,-32768,-32768,-32768,-32768,-32768,-32768,  -180, -1000, -1000, -1000,  -180,  -180,  -180,  -170,   -62,    -6,    33,    77,   106,   111,   107,   111,   124,   126,   119,   116,-32768,-32768,-32768,-32768,-32768,    79,    96,   117,   128,   136,   144,   154,   163,   171,   180,   198,   223,   233,   231,   233,   240,   239,   228,   224,
   252,   261,   273,   272,   257,   254,   265,   278,   290,   297,   296,   303,   317,   315,   302,   299,   305,   304,   293,   296,   313,   325,   332,   336,   341,   348,   356,   359,   356,   356,   361,   366,   371,   387,   412,   428,   433,   442,   457,   467,   474,   490,   518,   547,   576,   601,   617,   622,   617,   616,   637,-32768,-32768,-32768,-32768,-32768,-32768,-32768,-32768,-32768,-32768,-32768,-32768,-32768,-32768,-32768,-32768,-32768,-32768,-32768,-32768,-32768,-32768,-32768,-32768,-32768,-32768,-32768,-32768,-32768,-32768,-32768,-32768,-32768,-32768,-32768,-32768,-32768,-32768,-32768,-32768,-32768,-32768,-32768,-32768,-32768,-32768,-32768,  -180,  -180, -1000,-32768,-32768,-32768,-32768,-32768,-32768,-32768,-32768,-32768,-32768,-32768,-32768,-32768,-32768,-32768,-32768,-32768,-32768,-32768,-32768,-32768,-32768,-32768,  -131,   -99,   -25,    72,   184,   272,   324,   381,   450,   493,   511,   536,   562,   565,   548,   537,   542,   546,   551,   571,   603,   633,   656,   676,   699,   732,   780,   828,   871,   912,   950,   976,   991,  1007,  1024,  1042,  1062,  1073,  1076,  1081,  1090,  1090,  1081,  1072,  1062,  1036,  1010,-32768,-32768,-32768,   876,   867,   856,-32768,-32768,-32768,   692,   718,   714,   709,   705,   687,   643,   599,   571,-32768,-32768,-32768,-32768,-32768,-32768,-32768,-32768,-32768,-32768,-32768,-32768,-32768,-32768,-32768,-32768,-32768,-32768,-32768,-32768,-32768,-32768,-32768,-32768,-32768,-32768,-32768,-32768,-32768,-32768,-32768,-32768,-32768,-32768,-32768,-32768,-32768,-32768,-32768,-32768,-32768,-32768,-32768,-32768,-32768,-32768,-32768,-32768,-32768,-32768,-32768,-32768,-32768,-32768,-32768,-32768,-32768,-32768,-32768,-32768,-32768,-32768,-32768,-32768,-32768,-32768,-32768,-32768,-32768,-32768,-32768,-32768,-32768,-32768,-32768,-32768,-32768,-32768,-32768,-32768,-32768,-32768,-32768,-32768,-32768,-32768,-32768,-32768,-32768,-32768,-32768,-32768,-32768,-32768,-32768,-32768,-32768,-32768,-32768,-32768,-32768,-32768,-32768,-32768,-32768,-32768,-32768,-32768,-32768,-32768,-32768,-32768,-32768,-32768,-32768,-32768,-32768,-32768,-32768,-32768,-32768,-32768,-32768,-32768,-32768,-32768,-32768,-32768,-32768,-32768,-32768,-32768,  -180,  -180,  -180,  -103,   -57,    -6,    66,   124,   135,   123,   121,   125,   126,   126,   127,-32768,-32768,-32768,-32768,    92,    97,   127,   150,   158,   164,   174,   184,   195,   203,   212,   228,   249,   257,   256,   258,   264,   262,   252,   248,
   300,   308,   315,   317,   313,   305,   298,   302,   315,   328,   339,   344,   342,   342,   346,   353,   360,   358,   346,   348,   363,   361,   345,   348,   370,   380,   376,   371,   366,   365,   368,   377,   393,   414,   441,   452,   447,   450,   461,   469,   475,   488,   510,   538,   571,   598,   615,   630,   643,   653,   658,   673,-32768,-32768,-32768,-32768,-32768,-32768,-32768,-32768,-32768,-32768,-32768,-32768,-32768,-32768,-32768,-32768,-32768,-32768,-32768,-32768,-32768,-32768,-32768,-32768,-32768,-32768,-32768,-32768,-32768,-32768,-32768,-32768,-32768,-32768,-32768,-32768,-32768,-32768,-32768,-32768,-32768,-32768,-32768,-32768,-32768,-32768,  -180,  -180,  -180,-32768,-32768,-32768,-32768,-32768,-32768,-32768,-32768,-32768,-32768,-32768,-32768,-32768,-32768,-32768,-32768,-32768,-32768,-32768,-32768,-32768,-32768,-32768,  -100,   -85,   -45,    13,    94,   207,   323,   406,   473,   531,   580,   633,   677,   695,   691,   676,   661,   644,   626,   628,   645,   675,   716,   745,   764,   799,   851,   896,   930,   964,   997,  1021,  1038,  1052,  1063,  1075,  1087,  1097,  1104,  1109,  1111,  1111,  1108,  1100,  1086,  1058,  1035,-32768,-32768,   929,   895,   882,-32768,-32768,-32768,-32768,-32768,   779,   773,   752,   725,   689,-32768,-32768,-32768,-32768,-32768,-32768,-32768,-32768,-32768,-32768,-32768,-32768,-32768,-32768,-32768,-32768,-32768,-32768,-32768,-32768,-32768,-32768,-32768,-32768,-32768,-32768,-32768,-32768,-32768,-32768,-32768,-32768,-32768,-32768,-32768,-32768,-32768,-32768,-32768,-32768,-32768,-32768,-32768,-32768,-32768,-32768,-32768,-32768,-32768,-32768,-32768,-32768,-32768,-32768,-32768,-32768,-32768,-32768,-32768,-32768,-32768,-32768,-32768,-32768,-32768,-32768,-32768,-32768,-32768,-32768,-32768,-32768,-32768,-32768,-32768,-32768,-32768,-32768,-32768,-32768,-32768,-32768,-32768,-32768,-32768,-32768,-32768,-32768,-32768,-32768,-32768,-32768,-32768,-32768,-32768,-32768,-32768,-32768,-32768,-32768,-32768,-32768,-32768,-32768,-32768,-32768,-32768,-32768,-32768,-32768,-32768,-32768,-32768,-32768,-32768,-32768,-32768,-32768,-32768,-32768,-32768,-32768,-32768,-32768,-32768,-32768,-32768,-32768,-32768,-32768,-32768,-32768,-32768,-32768,-32768,-32768,-32768,  -142,  -117,   -74,   -26,    54,   127,   147,   134,   127,   129,   127,   126,   125,-32768,-32768,   102,   112,   114,   138,   159,   171,   173,   181,   198,   214,   227,   236,   243,   256,   272,   280,   283,   285,   287,   289,   289,   293,
   334,   342,   347,   349,   348,   339,   324,   325,   341,   354,   363,   365,   357,   354,   359,   371,   389,   394,   384,   386,   397,   393,   376,   380,   404,   414,   407,   398,   388,   386,   391,   403,   424,   443,   461,   468,   465,   468,   477,   485,   493,   504,   522,   543,   569,   593,   612,   634,   661,   680,   686,   677,   669,-32768,-32768,-32768,-32768,-32768,-32768,-32768,-32768,-32768,-32768,-32768,-32768,-32768,-32768,-32768,-32768,-32768,-32768,-32768,-32768,-32768,-32768,-32768,-32768,-32768,-32768,-32768,-32768,-32768,-32768,-32768,-32768,-32768,-32768,-32768,-32768,-32768,-32768,-32768,-32768,-32768,-32768,-32768,-32768,-32768,-32768,-32768,  -180,-32768,-32768,-32768,-32768,-32768,-32768,-32768,-32768,-32768,-32768,-32768,-32768,-32768,-32768,-32768,-32768,-32768,-32768,-32768,-32768,-32768,-32768,-32768,   -62,   -63,   -64,   -46,     9,   130,   287,   393,   460,   534,   610,   686,   748,   791,   814,   819,   815,   795,   763,   753,   761,   785,   822,   847,   861,   894,   944,   982,  1008,  1033,  1057,  1076,  1089,  1099,  1105,  1112,  1120,  1127,  1134,  1138,  1138,  1138,  1138,  1133,  1119,  1091,  1060,  1050,  1022,   961,   937,   923,   954,-32768,-32768,-32768,-32768,   846,   805,   775,   740,-32768,-32768,-32768,-32768,-32768,-32768,-32768,-32768,-32768,-32768,-32768,-32768,-32768,-32768,-32768,-32768,-32768,-32768,-32768,-32768,-32768,-32768,-32768,-32768,-32768,-32768,-32768,-32768,-32768,-32768,-32768,-32768,-32768,-32768,-32768,-32768,-32768,-32768,-32768,-32768,-32768,-32768,-32768,-32768,-32768,-32768,-32768,-32768,-32768,-32768,-32768,-32768,-32768,-32768,-32768,-32768,-32768,-32768,-32768,-32768,-32768,-32768,-32768,-32768,-32768,-32768,-32768,-32768,-32768,-32768,-32768,-32768,-32768,-32768,-32768,-32768,-32768,-32768,-32768,-32768,-32768,-32768,-32768,-32768,-32768,-32768,-32768,-32768,-32768,-32768,-32768,-32768,-32768,-32768,-32768,-32768,-32768,-32768,-32768,-32768,-32768,-32768,-32768,-32768,-32768,-32768,-32768,-32768,-32768,-32768,-32768,-32768,-32768,-32768,-32768,-32768,-32768,-32768,-32768,-32768,-32768,-32768,-32768,-32768,-32768,-32768,-32768,-32768,-32768,-32768,-32768,-32768,-32768,-32768,-32768,-32768,    87,-32768,  -180,  -115,   -70,   -20,    50,   112,   138,   139,   135,   132,   133,   137,   138,   142,-32768,   118,   128,   148,   169,   183,   187,   188,   198,   216,   231,   243,   254,   264,   276,   287,   293,   297,   301,   304,   309,   315,   324,
   350,   359,   365,   366,   363,   354,   341,   348,   371,   381,   378,   375,   373,   365,   355,   368,   405,   422,   419,   421,   427,   428,   427,   432,   442,   448,   447,   437,   419,   417,   428,   444,   466,   477,   477,   481,   488,   496,   504,   514,   526,   538,   551,   562,   571,   586,   606,   633,   666,   688,   693,   686,   679,   688,-32768,-32768,-32768,-32768,-32768,-32768,-32768,-32768,-32768,-32768,-32768,-32768,-32768,-32768,-32768,-32768,-32768,-32768,-32768,-32768,-32768,-32768,-32768,-32768,-32768,-32768,-32768,-32768,-32768,-32768,-32768,-32768,-32768,-32768,-32768,-32768,-32768,-32768,-32768,-32768,-32768,-32768,-32768,-32768,-32768,-32768,-32768,-32768,-32768,-32768,-32768,-32768,-32768,-32768,-32768,-32768,-32768,-32768,-32768,-32768,-32768,-32768,-32768,-32768,-32768,-32768,     7,    10,    -4,-32768,   -45,   -59,   -68,   -55,   -14,    81,   221,   333,   408,   486,   576,   666,   744,   822,   892,   943,   983,   980,   942,   926,   930,   940,   953,   964,   973,   999,  1040,  1072,  1095,  1112,  1123,  1132,  1139,  1143,  1146,  1152,  1159,  1164,  1166,  1168,  1169,  1170,  1170,  1167,  1156,  1134,  1105,  1079,  1052,  1025,  1001,   988,   989,  1013,   974,   945,   935,   878,-32768,-32768,-32768,-32768,-32768,-32768,-32768,-32768,-32768,-32768,-32768,-32768,-32768,-32768,-32768,-32768,-32768,-32768,-32768,-32768,-32768,-32768,-32768,-32768,-32768,-32768,-32768,-32768,-32768,-32768,-32768,-32768,-32768,-32768,-32768,-32768,-32768,-32768,-32768,-32768,-32768,-32768,-32768,-32768,-32768,-32768,-32768,-32768,-32768,-32768,-32768,-32768,-32768,-32768,-32768,-32768,-32768,-32768,-32768,-32768,-32768,-32768,-32768,-32768,-32768,-32768,-32768,-32768,-32768,-32768,-32768,-32768,-32768,-32768,-32768,-32768,-32768,-32768,-32768,-32768,-32768,-32768,-32768,-32768,-32768,-32768,-32768,-32768,-32768,-32768,-32768,-32768,-32768,-32768,-32768,-32768,-32768,-32768,-32768,-32768,-32768,-32768,-32768,-32768,-32768,-32768,-32768,-32768,-32768,-32768,-32768,-32768,-32768,-32768,-32768,-32768,-32768,-32768,-32768,-32768,-32768,-32768,-32768,-32768,-32768,-32768,-32768,-32768,-32768,-32768,-32768,-32768,-32768,-32768,-32768,-32768,-32768,-32768,    82,    85,-32768,-32768,   -79,   -41,    13,    64,    98,   117,   136,   142,   136,   140,   156,   159,   149,   151,   144,   153,   167,   182,   196,   202,   205,   214,   227,   236,   242,   255,   273,   285,   289,   292,   297,   303,   311,   319,   327,   337,
   364,   374,   382,   384,   381,   374,   368,   376,   396,   403,   398,   392,   386,   377,   367,   383,   425,   446,   448,   453,   461,   468,   475,   481,   486,   488,   485,   477,   463,   461,   469,   484,   504,   511,   505,   509,   524,   534,   540,   548,   558,   568,   581,   588,   590,   599,   617,   641,   671,   692,   697,   700,   703,   709,-32768,   770,   766,-32768,-32768,-32768,-32768,-32768,-32768,-32768,-32768,-32768,-32768,-32768,-32768,-32768,-32768,-32768,-32768,-32768,-32768,-32768,-32768,-32768,-32768,-32768,-32768,-32768,-32768,-32768,-32768,-32768,-32768,-32768,-32768,-32768,-32768,-32768,-32768,-32768,-32768,-32768,-32768,-32768,-32768,-32768,-32768,-32768,-32768,-32768,-32768,-32768,-32768,-32768,-32768,-32768,-32768,-32768,-32768,   -69,   -90,  -107,  -107,   -73,   -39,   -16,     4,    10,-32768,-32768,-32768,   -65,   -45,   -20,    14,    71,   156,   251,   329,   401,   492,   594,   700,   819,   935,  1028,  1101,  1120,  1096,  1081,  1080,  1077,  1072,  1073,  1082,  1102,  1133,  1157,  1173,  1181,  1181,  1184,  1188,  1191,  1194,  1197,  1200,  1200,  1199,  1200,  1203,  1202,  1201,  1198,  1191,  1175,  1155,  1133,  1110,  1088,  1066,  1050,  1041,  1024,   974,   945,   935,-32768,-32768,-32768,-32768,-32768,-32768,-32768,-32768,-32768,-32768,-32768,-32768,-32768,-32768,-32768,-32768,-32768,-32768,-32768,-32768,-32768,-32768,-32768,-32768,-32768,-32768,-32768,-32768,-32768,-32768,-32768,-32768,-32768,-32768,-32768,-32768,-32768,-32768,-32768,-32768,-32768,-32768,-32768,-32768,-32768,-32768,-32768,-32768,-32768,-32768,-32768,-32768,-32768,-32768,-32768,-32768,-32768,-32768,-32768,-32768,-32768,-32768,-32768,-32768,-32768,-32768,-32768,-32768,-32768,-32768,-32768,-32768,-32768,-32768,-32768,-32768,-32768,-32768,-32768,-32768,-32768,-32768,-32768,-32768,-32768,-32768,-32768,-32768,-32768,-32768,-32768,-32768,-32768,-32768,-32768,-32768,-32768,-32768,-32768,-32768,-32768,-32768,-32768,-32768,-32768,-32768,-32768,-32768,-32768,-32768,-32768,-32768,-32768,-32768,-32768,-32768,-32768,-32768,-32768,-32768,-32768,-32768,-32768,-32768,-32768,-32768,-32768,-32768,-32768,-32768,-32768,-32768,-32768,-32768,-32768,-32768,-32768,-32768,-32768,    84,    77,-32768,-32768,   -20,   -11,    40,    83,   102,   116,   138,   151,   150,   153,   164,   167,   160,   157,   159,   168,   181,   195,   207,   215,   221,   230,   239,   243,   244,   255,   275,   286,   290,   294,   300,   309,   321,   330,   339,   350,
   389,   400,   409,   412,   411,   410,   411,   415,   420,   424,   427,   419,   400,   394,   398,   417,   450,   467,   470,   482,   501,   513,   519,   526,   535,   534,   523,   518,   521,   521,   517,   524,   541,   549,   549,   558,   576,   587,   590,   593,   593,   601,   616,   626,   630,   639,   651,   667,   689,   704,   710,   719,   731,   749,   796,   786,   766,-32768,-32768,-32768,-32768,-32768,-32768,-32768,-32768,-32768,-32768,-32768,-32768,-32768,-32768,-32768,-32768,-32768,-32768,-32768,-32768,-32768,-32768,-32768,-32768,-32768,-32768,-32768,-32768,-32768,-32768,-32768,-32768,-32768,-32768,   237,   226,   206,-32768,-32768,-32768,-32768,-32768,-32768,-32768,-32768,-32768,-32768,-32768,-32768,-32768,-32768,-32768,-32768,-32768,-32768,-32768,-32768,-32768,   -99,   -93,   -68,   -47,   -24,     6,-32768,-32768,-32768,-32768,-32768,   -24,    27,    64,   102,   129,   179,   251,   322,   413,   530,   668,   821,   964,  1079,  1163,  1201,  1206,  1202,  1195,  1184,  1168,  1168,  1183,  1201,  1220,  1233,  1240,  1239,  1230,  1230,  1237,  1243,  1247,  1247,  1243,  1238,  1233,  1233,  1236,  1234,  1229,  1224,  1219,  1208,  1196,  1182,  1165,  1146,  1127,  1102,  1072,  1052,-32768,-32768,-32768,-32768,-32768,-32768,-32768,-32768,-32768,-32768,-32768,-32768,-32768,-32768,-32768,-32768,-32768,-32768,-32768,-32768,-32768,-32768,-32768,-32768,-32768,-32768,-32768,-32768,-32768,-32768,-32768,-32768,-32768,-32768,-32768,-32768,-32768,-32768,-32768,-32768,-32768,-32768,-32768,-32768,-32768,-32768,-32768,-32768,-32768,-32768,-32768,-32768,-32768,-32768,-32768,-32768,-32768,-32768,-32768,-32768,-32768,-32768,-32768,-32768,-32768,-32768,-32768,-32768,-32768,-32768,-32768,-32768,-32768,-32768,-32768,-32768,-32768,-32768,-32768,-32768,-32768,-32768,-32768,-32768,-32768,-32768,-32768,-32768,-32768,-32768,-32768,-32768,-32768,-32768,-32768,-32768,-32768,-32768,-32768,-32768,-32768,-32768,-32768,-32768,-32768,-32768,-32768,-32768,-32768,-32768,-32768,-32768,-32768,-32768,-32768,-32768,-32768,-32768,-32768,-32768,-32768,-32768,-32768,-32768,-32768,-32768,-32768,-32768,-32768,-32768,-32768,-32768,-32768,-32768,-32768,-32768,-32768,-32768,-32768,-32768,-32768,-32768,   103,    79,    42,     8,    15,   -19,    46,    94,   113,   128,   142,   159,   174,   173,   163,   161,   166,   167,   164,   174,   197,   215,   225,   234,   245,   256,   263,   264,   261,   268,   281,   293,   305,   314,   321,   332,   345,   355,   364,   376,
   427,   438,   446,   450,   451,   455,   462,   463,   457,   457,   461,   453,   436,   434,   447,   468,   495,   510,   513,   526,   547,   562,   571,   579,   586,   585,   574,   572,   580,   581,   576,   580,   594,   603,   607,   617,   635,   646,   649,   651,   650,   654,   663,   671,   677,   685,   695,   706,   721,   732,   738,   750,   766,   789,   814,   821,-32768,-32768,-32768,-32768,-32768,-32768,-32768,-32768,-32768,-32768,-32768,-32768,-32768,-32768,-32768,-32768,-32768,-32768,-32768,-32768,-32768,-32768,-32768,-32768,-32768,-32768,-32768,-32768,-32768,-32768,-32768,-32768,-32768,   100,   207,   237,   226,   206,   194,-32768,-32768,-32768,-32768,-32768,-32768,-32768,-32768,-32768,-32768,-32768,-32768,-32768,-32768,-32768,-32768,-32768,-32768,-32768,-32768,   -91,   -85,   -73,   -52,   -17,    29,   107,   133,   124,-32768,-32768,-32768,    79,   109,   129,   122,   147,   218,   305,   414,   545,   691,   857,  1015,  1139,  1225,  1269,  1285,  1286,  1276,  1263,  1246,  1245,  1261,  1274,  1285,  1292,  1293,  1289,  1278,  1277,  1285,  1290,  1293,  1290,  1284,  1277,  1269,  1265,  1265,  1261,  1254,  1250,  1246,  1240,  1233,  1224,  1212,  1199,  1183,  1156,  1120,  1100,-32768,-32768,-32768,-32768,-32768,-32768,-32768,-32768,-32768,-32768,-32768,-32768,-32768,-32768,-32768,-32768,-32768,-32768,-32768,-32768,-32768,-32768,-32768,-32768,-32768,-32768,-32768,-32768,-32768,-32768,-32768,-32768,-32768,-32768,-32768,-32768,-32768,-32768,-32768,-32768,-32768,-32768,-32768,-32768,-32768,-32768,-32768,-32768,-32768,-32768,-32768,-32768,-32768,-32768,-32768,-32768,-32768,-32768,-32768,-32768,-32768,-32768,-32768,-32768,-32768,-32768,-32768,-32768,-32768,-32768,-32768,-32768,-32768,-32768,-32768,-32768,-32768,-32768,-32768,-32768,-32768,-32768,-32768,-32768,-32768,-32768,-32768,-32768,-32768,-32768,-32768,-32768,-32768,-32768,-32768,-32768,-32768,-32768,-32768,-32768,-32768,-32768,-32768,-32768,-32768,-32768,-32768,-32768,-32768,-32768,-32768,-32768,-32768,-32768,-32768,-32768,-32768,-32768,-32768,-32768,-32768,-32768,-32768,-32768,-32768,-32768,-32768,-32768,-32768,-32768,-32768,-32768,-32768,-32768,-32768,-32768,-32768,-32768,-32768,-32768,-32768,   201,   148,   113,    63,    14,  -180,   -14,    58,   101,   124,   139,   146,   156,   169,   170,   165,   168,   178,   181,   180,   190,   210,   228,   241,   254,   272,   284,   288,   289,   288,   294,   306,   321,   337,   351,   362,   374,   387,   397,   404,   415,
   480,   488,   495,   499,   502,   511,   522,   522,   510,   503,   500,   496,   493,   498,   511,   531,   559,   573,   576,   584,   595,   609,   628,   637,   639,   637,   633,   632,   635,   638,   642,   649,   658,   665,   670,   681,   698,   708,   712,   718,   723,   724,   719,   719,   725,   734,   743,   753,   765,   775,   782,   794,   811,   830,   848,   855,-32768,-32768,-32768,-32768,-32768,-32768,-32768,-32768,-32768,-32768,-32768,-32768,-32768,-32768,-32768,-32768,-32768,-32768,-32768,-32768,-32768,-32768,-32768,-32768,-32768,-32768,-32768,-32768,-32768,-32768,-32768,-32768,-32768,-32768,-32768,-32768,-32768,-32768,-32768,-32768,-32768,-32768,-32768,-32768,-32768,-32768,-32768,-32768,-32768,-32768,-32768,-32768,-32768,-32768,-32768,-32768,-32768,-32768,-32768,-32768,   -91,   -83,   -11,    33,    75,   127,   147,   136,   133,   134,   146,   129,   138,   134,   123,   161,   258,   383,   530,   672,   800,   952,  1105,  1220,  1297,  1334,  1343,  1341,  1333,  1324,  1314,  1313,  1321,  1328,  1333,  1336,  1336,  1333,  1326,  1326,  1332,  1334,  1329,  1326,  1324,  1317,  1305,  1296,  1291,  1285,  1279,  1275,  1273,  1270,  1266,  1259,  1250,  1242,  1233,  1212,  1181,  1159,  1179,-32768,-32768,-32768,-32768,-32768,-32768,-32768,-32768,-32768,-32768,-32768,-32768,-32768,-32768,-32768,-32768,-32768,-32768,-32768,-32768,-32768,-32768,-32768,-32768,-32768,-32768,-32768,-32768,-32768,-32768,-32768,   706,   711,-32768,-32768,-32768,-32768,   510,   471,   410,-32768,-32768,-32768,-32768,-32768,-32768,-32768,-32768,-32768,-32768,-32768,   -78,   -77,   -78,-32768,-32768,-32768,-32768,-32768,-32768,-32768,-32768,-32768,-32768,-32768,-32768,-32768,-32768,-32768,-32768,-32768,-32768,-32768,-32768,-32768,-32768,-32768,-32768,-32768,-32768,-32768,-32768,-32768,-32768,-32768,-32768,-32768,-32768,-32768,-32768,-32768,-32768,-32768,-32768,-32768,-32768,-32768,-32768,-32768,-32768,-32768,-32768,-32768,-32768,-32768,-32768,-32768,-32768,-32768,-32768,-32768,-32768,-32768,-32768,-32768,-32768,-32768,-32768,-32768,-32768,-32768,-32768,-32768,-32768,-32768,-32768,-32768,-32768,-32768,-32768,-32768,-32768,-32768,-32768,-32768,-32768,-32768,-32768,-32768,   259,   233,   208,   163,   102,    47,    55,    40,    78,   108,   137,   150,   150,   148,   142,   151,   178,   197,   205,   213,   224,   231,   233,   244,   260,   281,   306,   319,   319,   320,   324,   335,   351,   368,   386,   403,   419,   435,   448,   457,   461,   469,
   553,   560,   565,   569,   576,   585,   594,   589,   572,   562,   558,   558,   563,   572,   584,   602,   627,   642,   649,   657,   663,   676,   694,   703,   701,   700,   698,   698,   698,   702,   710,   716,   720,   726,   732,   741,   756,   767,   775,   783,   790,   788,   778,   776,   782,   791,   801,   809,   815,   823,   832,   843,   857,   868,   873,   874,-32768,-32768,-32768,-32768,-32768,-32768,-32768,-32768,-32768,-32768,-32768,-32768,-32768,-32768,-32768,-32768,-32768,-32768,-32768,-32768,-32768,-32768,-32768,-32768,-32768,-32768,-32768,-32768,-32768,-32768,-32768,-32768,-32768,-32768,-32768,-32768,-32768,   254,   248,-32768,   208,   191,   190,   204,-32768,-32768,-32768,-32768,-32768,-32768,-32768,-32768,-32768,-32768,-32768,-32768,-32768,-32768,-32768,-32768,-32768,-32768,    76,   106,   158,   204,   215,   204,   182,   176,   179,   179,   177,   172,   188,   266,   409,   573,   739,   884,   996,  1117,  1234,  1315,  1366,  1391,  1397,  1394,  1384,  1378,  1377,  1376,  1377,  1379,  1380,  1379,  1377,  1373,  1368,  1368,  1372,  1369,  1360,  1356,  1357,  1351,  1338,  1327,  1318,  1311,  1305,  1301,  1300,  1299,  1298,  1294,  1287,  1280,  1271,  1254,  1231,  1211,  1205,-32768,-32768,-32768,-32768,-32768,-32768,-32768,-32768,-32768,-32768,-32768,-32768,-32768,-32768,-32768,-32768,-32768,-32768,-32768,-32768,-32768,-32768,-32768,-32768,-32768,-32768,-32768,-32768,-32768,-32768,-32768,   735,   742,   779,   789,-32768,   671,   576,   566,-32768,-32768,-32768,-32768,-32768,-32768,-32768,-32768,-32768,-32768,   -35,   -14,   -33,   -53,-32768,-32768,-32768,-32768,-32768,-32768,-32768,-32768,-32768,-32768,-32768,-32768,-32768,-32768,-32768,-32768,-32768,-32768,-32768,-32768,-32768,-32768,-32768,-32768,-32768,-32768,-32768,-32768,-32768,-32768,-32768,-32768,-32768,-32768,-32768,-32768,-32768,-32768,-32768,-32768,-32768,-32768,-32768,-32768,-32768,-32768,-32768,-32768,-32768,-32768,-32768,-32768,-32768,-32768,-32768,-32768,-32768,-32768,-32768,-32768,-32768,-32768,-32768,-32768,-32768,-32768,-32768,-32768,-32768,-32768,-32768,-32768,-32768,-32768,-32768,-32768,-32768,-32768,-32768,-32768,-32768,-32768,-32768,-32768,-32768,   267,   272,   287,   270,   228,   121,    64,    52,    54,    80,   120,   151,   158,   153,   151,   153,   172,   210,   234,   240,   252,   272,   283,   283,   292,   309,   330,   354,   364,   362,   363,   370,   384,   405,   426,   445,   466,   488,   509,   526,   536,   538,   543,
   644,   650,   653,   659,   667,   673,   673,   661,   640,   631,   631,   635,   643,   653,   665,   681,   700,   717,   733,   744,   751,   760,   769,   774,   774,   772,   769,   769,   771,   774,   777,   779,   780,   784,   791,   798,   809,   822,   835,   845,   849,   847,   840,   840,   847,   857,   868,   870,   865,   869,   883,   892,   901,   902,   888,   881,-32768,-32768,-32768,-32768,-32768,-32768,-32768,-32768,-32768,-32768,-32768,-32768,-32768,-32768,-32768,-32768,-32768,-32768,-32768,-32768,-32768,-32768,-32768,-32768,-32768,-32768,-32768,-32768,-32768,-32768,-32768,-32768,-32768,-32768,-32768,-32768,   172,   187,-32768,-32768,-32768,   191,   190,-32768,-32768,-32768,-32768,   188,-32768,-32768,-32768,-32768,-32768,-32768,-32768,   359,   364,   353,   334,   314,   292,   269,   191,   223,   302,   356,   371,   362,   327,   305,   288,   276,   278,   288,   340,   467,   660,   847,   996,  1123,  1222,  1305,  1370,  1408,  1430,  1443,  1452,  1448,  1433,  1429,  1437,  1438,  1431,  1426,  1423,  1420,  1415,  1410,  1404,  1402,  1401,  1396,  1387,  1383,  1385,  1381,  1371,  1359,  1347,  1339,  1335,  1332,  1329,  1330,  1332,  1328,  1323,  1312,  1293,  1276,  1265,  1255,  1252,-32768,-32768,-32768,-32768,-32768,-32768,-32768,-32768,-32768,  1376,  1379,-32768,-32768,  1261,  1310,  1331,-32768,-32768,-32768,-32768,-32768,-32768,-32768,-32768,-32768,-32768,-32768,-32768,-32768,   800,   807,   794,   803,   804,   813,   842,   738,   713,   736,   863,-32768,-32768,-32768,-32768,-32768,-32768,-32768,-32768,   -35,    72,   672,   804,-32768,-32768,-32768,-32768,-32768,-32768,-32768,-32768,-32768,-32768,-32768,-32768,-32768,-32768,-32768,-32768,-32768,-32768,-32768,-32768,-32768,-32768,-32768,-32768,-32768,-32768,-32768,-32768,-32768,-32768,-32768,-32768,-32768,-32768,-32768,-32768,-32768,-32768,-32768,-32768,-32768,-32768,-32768,-32768,-32768,-32768,-32768,-32768,-32768,-32768,-32768,-32768,-32768,-32768,-32768,-32768,-32768,-32768,-32768,-32768,-32768,-32768,-32768,-32768,-32768,-32768,-32768,-32768,-32768,-32768,-32768,-32768,-32768,-32768,-32768,-32768,-32768,-32768,-32768,-32768,-32768,-32768,-32768,-32768,-32768,   306,   293,   307,   327,   331,   269,-32768,    53,    39,    67,   103,   152,   178,   177,   168,   180,   214,   246,   276,   294,   296,   307,   332,   351,   361,   373,   386,   399,   410,   415,   416,   420,   433,   452,   478,   501,   519,   541,   569,   595,   617,   629,   628,   633,
   740,   743,   745,   751,   762,   766,   759,   747,   732,   725,   725,   732,   744,   753,   758,   766,   778,   792,   809,   821,   828,   835,   840,   844,   846,   845,   840,   839,   841,   843,   843,   844,   845,   849,   854,   861,   870,   885,   904,   913,   913,   909,   902,   904,   912,   923,   933,   933,   924,   924,   934,   935,   933,   926,   910,   902,-32768,-32768,-32768,-32768,-32768,-32768,-32768,-32768,-32768,-32768,-32768,-32768,-32768,-32768,-32768,-32768,-32768,-32768,-32768,-32768,-32768,-32768,-32768,-32768,-32768,-32768,-32768,-32768,-32768,-32768,-32768,-32768,-32768,-32768,-32768,-32768,   175,   175,-32768,-32768,-32768,-32768,-32768,-32768,-32768,   239,   222,   188,-32768,-32768,-32768,-32768,-32768,   346,   375,   372,   368,   361,   361,   359,   353,   364,   399,   459,   539,   604,   648,   648,   602,   552,   490,   452,   453,   473,   551,   708,   926,  1118,  1242,  1336,  1404,  1450,  1483,  1496,  1497,  1499,  1505,  1500,  1485,  1481,  1490,  1490,  1480,  1471,  1465,  1459,  1454,  1447,  1440,  1435,  1434,  1428,  1417,  1412,  1414,  1412,  1404,  1394,  1382,  1374,  1371,  1369,  1366,  1367,  1367,  1344,  1338,  1325,  1300,  1283,  1278,  1275,  1274,-32768,-32768,-32768,-32768,  1281,  1306,  1314,  1321,  1338,  1369,  1376,  1378,-32768,-32768,  1310,  1338,  1360,  1372,-32768,-32768,-32768,-32768,-32768,-32768,-32768,-32768,-32768,-32768,-32768,   821,   832,   845,   853,   851,   854,   857,   839,   824,   847,   895,   963,-32768,-32768,-32768,-32768,-32768,-32768,-32768,   -15,   684,   724,   794,-32768,-32768,-32768,-32768,-32768,-32768,-32768,-32768,-32768,-32768,-32768,-32768,-32768,-32768,-32768,-32768,-32768,-32768,-32768,-32768,-32768,-32768,-32768,-32768,-32768,-32768,-32768,-32768,-32768,-32768,-32768,-32768,-32768,-32768,-32768,-32768,-32768,-32768,-32768,-32768,-32768,-32768,-32768,-32768,-32768,-32768,-32768,-32768,-32768,-32768,-32768,-32768,-32768,-32768,-32768,-32768,-32768,-32768,-32768,-32768,-32768,-32768,-32768,-32768,-32768,-32768,-32768,-32768,-32768,-32768,-32768,-32768,-32768,-32768,-32768,-32768,-32768,-32768,-32768,-32768,-32768,-32768,-32768,-32768,   367,   340,   360,   375,   384,   387,-32768,-32768,-32768,-32768,   154,   175,   204,   216,   218,   218,   246,   301,   344,   371,   388,   390,   400,   426,   446,   457,   466,   473,   479,   482,   487,   494,   505,   522,   545,   575,   599,   614,   635,   663,   690,   713,   727,   728,   732,
   835,   834,   833,   840,   855,   858,   849,   843,   843,   841,   836,   844,   865,   870,   863,   860,   863,   869,   880,   888,   894,   901,   908,   913,   919,   918,   912,   909,   912,   912,   909,   911,   916,   920,   922,   929,   941,   959,   982,   990,   983,   975,   967,   968,   978,   988,   995,   996,   991,   988,   988,   976,   956,   946,   941,   939,-32768,-32768,-32768,-32768,-32768,-32768,-32768,-32768,-32768,-32768,-32768,-32768,-32768,-32768,-32768,-32768,-32768,-32768,-32768,-32768,-32768,-32768,-32768,-32768,-32768,-32768,-32768,-32768,-32768,-32768,-32768,-32768,-32768,-32768,-32768,-32768,   187,   178,-32768,-32768,-32768,-32768,-32768,   137,-32768,-32768,-32768,-32768,-32768,-32768,-32768,-32768,-32768,   402,   412,   419,   405,   416,   464,   506,   530,   604,   728,   819,   873,   945,  1027,  1039,   986,   900,   773,   706,   710,   739,   829,   984,  1185,  1352,  1443,  1500,  1529,  1549,  1571,  1575,  1566,  1559,  1557,  1551,  1538,  1532,  1531,  1528,  1521,  1513,  1504,  1498,  1494,  1487,  1477,  1473,  1471,  1465,  1452,  1446,  1446,  1443,  1437,  1430,  1423,  1417,  1415,  1414,  1412,  1408,  1406,-32768,-32768,-32768,-32768,-32768,-32768,-32768,-32768,-32768,-32768,-32768,-32768,  1314,  1317,  1322,  1326,  1340,  1359,  1373,  1385,  1398,-32768,-32768,  1345,  1360,  1377,  1395,  1404,-32768,-32768,-32768,-32768,-32768,-32768,-32768,-32768,   937,   864,   872,   873,   877,   878,   872,   872,   876,   880,   898,   934,   968,  1001,  1015,-32768,-32768,-32768,-32768,-32768,-32768,   735,   765,   819,   862,-32768,-32768,-32768,-32768,-32768,-32768,-32768,-32768,-32768,-32768,-32768,-32768,-32768,-32768,-32768,-32768,-32768,-32768,-32768,-32768,-32768,-32768,-32768,-32768,-32768,-32768,-32768,-32768,-32768,-32768,-32768,-32768,-32768,-32768,-32768,-32768,-32768,-32768,-32768,-32768,-32768,-32768,-32768,-32768,-32768,-32768,-32768,-32768,-32768,-32768,-32768,-32768,-32768,-32768,-32768,-32768,-32768,-32768,-32768,-32768,-32768,-32768,-32768,-32768,-32768,-32768,-32768,-32768,-32768,-32768,-32768,-32768,-32768,-32768,-32768,-32768,-32768,-32768,-32768,   402,   396,   416,   465,   427,   430,   453,   476,   466,   434,-32768,-32768,   260,   275,   250,   260,   277,   283,   297,   321,   364,   424,   468,   492,   507,   509,   520,   544,   560,   565,   568,   571,   574,   578,   589,   604,   621,   639,   664,   692,   714,   727,   743,   768,   792,   811,   826,   831,   833,
   927,   928,   929,   936,   948,   953,   949,   950,   958,   959,   949,   953,   969,   972,   963,   956,   952,   952,   956,   961,   965,   971,   979,   986,   991,   991,   987,   987,   990,   990,   987,   989,   996,   999,  1001,  1008,  1021,  1037,  1056,  1060,  1050,  1041,  1033,  1037,  1050,  1059,  1061,  1058,  1052,  1046,  1039,  1018,   988,   975,   975,   976,-32768,-32768,-32768,-32768,-32768,-32768,-32768,-32768,-32768,-32768,-32768,-32768,-32768,-32768,-32768,-32768,-32768,-32768,-32768,-32768,-32768,-32768,-32768,-32768,-32768,-32768,-32768,-32768,-32768,-32768,-32768,-32768,-32768,-32768,-32768,-32768,   196,-32768,-32768,-32768,-32768,   263,   116,-32768,-32768,-32768,-32768,-32768,-32768,-32768,-32768,   458,   531,   504,   530,   547,   550,   591,   679,   774,   859,   974,  1123,  1216,  1251,  1304,  1368,  1379,  1342,  1259,  1125,  1059,  1069,  1097,  1171,  1281,  1417,  1529,  1582,  1609,  1614,  1620,  1634,  1634,  1623,  1612,  1603,  1594,  1584,  1575,  1569,  1566,  1562,  1554,  1543,  1535,  1531,  1525,  1516,  1512,  1511,  1506,  1494,  1487,  1483,  1479,  1475,  1472,  1469,  1466,  1464,  1463,  1461,  1456,  1451,  1470,-32768,-32768,-32768,-32768,-32768,-32768,-32768,-32768,-32768,-32768,  1381,  1349,  1347,  1349,  1349,  1353,  1358,  1372,  1395,  1404,  1411,  1410,-32768,-32768,  1381,  1400,  1410,  1426,-32768,-32768,-32768,-32768,-32768,-32768,-32768,-32768,   927,   888,   880,   881,   883,-32768,-32768,   887,   895,   913,   941,   972,  1001,  1015,-32768,-32768,-32768,-32768,-32768,-32768,-32768,   816,   840,   932,  1039,-32768,-32768,-32768,-32768,-32768,-32768,-32768,-32768,-32768,-32768,-32768,-32768,-32768,-32768,-32768,-32768,-32768,-32768,-32768,-32768,-32768,-32768,-32768,-32768,-32768,-32768,-32768,-32768,-32768,-32768,-32768,-32768,-32768,-32768,-32768,-32768,-32768,-32768,-32768,-32768,-32768,-32768,-32768,-32768,-32768,-32768,-32768,-32768,-32768,-32768,-32768,-32768,-32768,-32768,-32768,-32768,-32768,-32768,-32768,-32768,-32768,-32768,-32768,-32768,-32768,-32768,-32768,-32768,-32768,-32768,-32768,-32768,-32768,-32768,-32768,-32768,-32768,   534,   458,   455,   471,   509,   527,   530,   556,   584,   570,   454,   469,   448,   351,   367,   377,   387,   412,   438,   462,   483,   525,   587,   629,   645,   656,   662,   669,   680,   689,   693,   695,   699,   703,   711,   727,   747,   767,   784,   806,   830,   845,   852,   860,   878,   895,   908,   919,   925,   927,
  1015,  1022,  1028,  1034,  1041,  1049,  1058,  1067,  1076,  1075,  1061,  1054,  1054,  1053,  1052,  1047,  1037,  1032,  1032,  1032,  1034,  1041,  1051,  1058,  1060,  1062,  1066,  1071,  1075,  1077,  1075,  1079,  1086,  1090,  1093,  1099,  1109,  1117,  1123,  1121,  1113,  1106,  1101,  1107,  1124,  1131,  1127,  1118,  1105,  1094,  1083,  1059,  1026,  1011,  1011,  1012,-32768,-32768,-32768,-32768,-32768,-32768,-32768,-32768,-32768,-32768,-32768,-32768,-32768,-32768,-32768,-32768,-32768,-32768,-32768,-32768,-32768,-32768,-32768,-32768,-32768,-32768,-32768,-32768,-32768,-32768,-32768,-32768,-32768,-32768,-32768,-32768,-32768,-32768,-32768,-32768,-32768,-32768,-32768,-32768,-32768,-32768,-32768,-32768,-32768,-32768,   641,   594,   638,   696,   758,   804,   837,   897,   986,  1120,  1282,  1411,  1513,  1573,  1592,  1601,  1596,  1594,  1601,  1560,  1469,  1427,  1434,  1452,  1491,  1538,  1594,  1643,  1667,  1678,  1676,  1674,  1677,  1675,  1668,  1655,  1638,  1627,  1620,  1613,  1606,  1603,  1604,  1596,  1582,  1572,  1567,  1562,  1556,  1554,  1554,  1550,  1542,  1533,  1523,  1518,  1521,  1521,  1519,  1519,  1519,  1518,  1514,  1508,  1499,  1470,-32768,-32768,-32768,-32768,-32768,-32768,-32768,-32768,  1448,  1448,  1406,  1395,  1389,  1386,  1386,  1379,  1366,  1374,  1402,  1418,  1423,  1424,  1431,-32768,-32768,  1412,  1428,  1439,-32768,-32768,  1446,  1439,  1420,  1376,  1310,  1096,   967,-32768,-32768,-32768,-32768,-32768,-32768,-32768,-32768,-32768,-32768,-32768,-32768,-32768,-32768,-32768,-32768,-32768,-32768,-32768,-32768,-32768,   943,   990,  1039,-32768,-32768,-32768,-32768,-32768,-32768,-32768,-32768,-32768,-32768,-32768,-32768,-32768,-32768,-32768,-32768,-32768,-32768,-32768,-32768,-32768,-32768,-32768,-32768,-32768,-32768,-32768,-32768,-32768,-32768,-32768,-32768,-32768,-32768,-32768,-32768,-32768,-32768,-32768,-32768,-32768,-32768,-32768,-32768,-32768,-32768,-32768,-32768,-32768,-32768,-32768,-32768,-32768,-32768,-32768,-32768,-32768,-32768,-32768,-32768,-32768,-32768,-32768,-32768,-32768,-32768,-32768,   285,   302,-32768,-32768,-32768,-32768,-32768,-32768,   784,   791,   626,   599,   602,   607,   616,   624,   634,   661,   691,   693,-32768,   469,   519,   527,   563,   575,   576,   614,   676,   700,   685,   707,   767,   804,   812,   823,   840,   840,   826,   825,   831,   838,   849,   858,   870,   888,   906,   922,   936,   950,   964,   972,   973,   976,   983,   990,   996,  1002,  1007,  1010,
  1102,  1109,  1115,  1122,  1133,  1144,  1156,  1164,  1167,  1162,  1148,  1138,  1131,  1126,  1122,  1115,  1103,  1098,  1100,  1102,  1106,  1113,  1123,  1129,  1130,  1135,  1146,  1155,  1160,  1164,  1167,  1173,  1179,  1182,  1185,  1190,  1196,  1197,  1192,  1186,  1180,  1177,  1176,  1182,  1193,  1196,  1188,  1176,  1161,  1145,  1127,  1103,  1075,  1059,  1055,  1052,-32768,-32768,-32768,-32768,-32768,-32768,-32768,-32768,-32768,-32768,-32768,-32768,-32768,-32768,-32768,-32768,-32768,-32768,-32768,-32768,-32768,-32768,-32768,-32768,-32768,-32768,-32768,-32768,-32768,-32768,-32768,-32768,-32768,-32768,-32768,-32768,-32768,-32768,-32768,-32768,-32768,-32768,-32768,-32768,-32768,-32768,-32768,-32768,-32768,   744,   732,   812,   905,  1000,  1093,  1164,  1218,  1278,  1345,  1458,  1602,  1703,  1762,  1793,  1799,  1784,  1748,  1740,  1761,  1744,  1692,  1671,  1678,  1690,  1706,  1715,  1721,  1726,  1725,  1723,  1719,  1716,  1717,  1711,  1699,  1684,  1668,  1658,  1654,  1649,  1644,  1641,  1639,  1632,  1621,  1612,  1606,  1600,  1596,  1594,  1594,  1592,  1587,  1579,  1570,  1567,  1572,  1573,  1572,  1572,  1573,  1571,  1565,  1558,  1551,-32768,-32768,-32768,-32768,-32768,-32768,-32768,-32768,  1472,  1463,  1464,  1451,  1441,  1434,  1429,  1426,  1413,  1392,  1394,  1418,  1434,  1440,  1440,  1433,  1432,  1432,  1429,  1446,  1461,  1476,-32768,-32768,  1437,  1432,  1408,  1372,-32768,-32768,-32768,-32768,-32768,-32768,-32768,-32768,-32768,-32768,-32768,-32768,-32768,-32768,-32768,-32768,-32768,-32768,-32768,-32768,-32768,-32768,   974,  1020,  1058,  1087,-32768,-32768,-32768,-32768,-32768,-32768,-32768,-32768,-32768,-32768,-32768,-32768,-32768,-32768,-32768,-32768,-32768,-32768,-32768,-32768,-32768,-32768,-32768,-32768,-32768,-32768,-32768,-32768,-32768,-32768,-32768,-32768,-32768,-32768,-32768,-32768,-32768,-32768,-32768,-32768,-32768,-32768,-32768,-32768,-32768,-32768,-32768,-32768,-32768,-32768,-32768,-32768,-32768,-32768,-32768,-32768,-32768,-32768,-32768,-32768,-32768,-32768,-32768,-32768,-32768,-32768,   333,   303,   320,   395,   460,   492,   505,-32768,   721,   841,   865,   814,   777,   769,   759,   746,   747,   760,   785,   809,   818,-32768,-32768,   673,   709,   782,   811,   812,   849,   911,   936,   922,   927,   956,   974,   977,   987,  1008,  1010,   991,   983,   981,   986,  1000,  1012,  1026,  1042,  1054,  1064,  1072,  1078,  1082,  1083,  1082,  1082,  1087,  1088,  1086,  1088,  1093,  1097,
  1185,  1185,  1187,  1198,  1220,  1234,  1241,  1239,  1230,  1220,  1210,  1204,  1200,  1191,  1175,  1161,  1152,  1154,  1165,  1174,  1182,  1190,  1196,  1201,  1203,  1212,  1227,  1238,  1243,  1251,  1262,  1271,  1276,  1277,  1276,  1279,  1284,  1279,  1264,  1256,  1254,  1256,  1261,  1264,  1261,  1255,  1244,  1233,  1222,  1203,  1175,  1152,  1134,  1118,  1106,  1094,  1100,-32768,-32768,-32768,-32768,-32768,-32768,-32768,-32768,-32768,-32768,-32768,-32768,-32768,-32768,-32768,-32768,-32768,-32768,-32768,-32768,-32768,-32768,-32768,-32768,-32768,-32768,-32768,-32768,-32768,-32768,-32768,-32768,-32768,-32768,-32768,-32768,-32768,-32768,-32768,-32768,-32768,-32768,-32768,-32768,-32768,-32768,   689,   735,   836,   958,  1105,  1246,  1364,  1464,  1542,  1604,  1650,  1683,  1725,  1770,  1809,  1840,  1858,  1867,  1857,  1831,  1820,  1825,  1816,  1797,  1791,  1797,  1802,  1804,  1799,  1791,  1778,  1761,  1752,  1749,  1750,  1753,  1742,  1717,  1700,  1693,  1689,  1687,  1685,  1685,  1680,  1669,  1663,  1664,  1659,  1648,  1640,  1636,  1633,  1631,  1631,  1629,  1626,  1624,  1625,  1627,  1627,  1624,  1624,  1624,  1621,  1614,  1607,  1604,-32768,-32768,-32768,-32768,-32768,-32768,-32768,-32768,  1504,  1502,  1500,  1490,  1483,  1481,  1475,  1465,  1450,  1432,  1430,  1445,  1452,  1450,  1447,  1435,  1443,  1446,  1453,  1464,  1476,  1486,  1491,  1436,  1446,  1466,  1480,  1487,-32768,-32768,-32768,-32768,-32768,-32768,-32768,-32768,-32768,-32768,-32768,-32768,-32768,-32768,-32768,-32768,-32768,-32768,-32768,-32768,-32768,-32768,  1006,  1029,  1071,  1134,  1175,-32768,-32768,-32768,-32768,-32768,-32768,-32768,-32768,-32768,-32768,-32768,-32768,-32768,-32768,-32768,-32768,-32768,-32768,-32768,-32768,-32768,-32768,-32768,-32768,-32768,-32768,-32768,-32768,-32768,-32768,-32768,-32768,-32768,-32768,-32768,-32768,-32768,-32768,-32768,-32768,-32768,-32768,-32768,-32768,-32768,-32768,-32768,-32768,-32768,-32768,-32768,-32768,-32768,-32768,-32768,-32768,-32768,-32768,-32768,-32768,-32768,-32768,-32768,-32768,   380,   318,   326,   358,   402,   465,   513,-32768,-32768,-32768,   899,  1020,  1000,   958,   923,   893,   869,   867,   882,   900,   915,   879,-32768,   953,   862,   926,  1030,  1072,  1068,  1082,  1104,  1134,  1166,  1164,  1138,  1128,  1129,  1139,  1162,  1171,  1167,  1156,  1137,  1134,  1147,  1158,  1168,  1178,  1183,  1187,  1190,  1190,  1187,  1182,  1179,  1180,  1188,  1187,  1177,  1176,  1185,  1188,
  1263,  1262,  1273,  1286,  1304,  1316,  1318,  1313,  1300,  1288,  1278,  1272,  1271,  1263,  1248,  1236,  1229,  1233,  1249,  1259,  1265,  1270,  1275,  1279,  1281,  1290,  1306,  1319,  1328,  1340,  1353,  1363,  1369,  1370,  1367,  1369,  1372,  1367,  1352,  1342,  1338,  1338,  1344,  1343,  1333,  1321,  1306,  1292,  1280,  1259,  1231,  1211,  1198,  1179,  1158,  1135,  1114,  1116,-32768,-32768,-32768,-32768,-32768,-32768,-32768,-32768,-32768,-32768,-32768,-32768,-32768,-32768,-32768,-32768,-32768,-32768,-32768,-32768,-32768,-32768,-32768,-32768,-32768,-32768,-32768,-32768,-32768,-32768,-32768,-32768,-32768,-32768,-32768,-32768,-32768,-32768,-32768,-32768,-32768,-32768,-32768,-32768,-32768,   713,   858,  1046,  1239,  1423,  1575,  1687,  1770,  1832,  1874,  1895,  1901,  1892,  1866,  1858,  1865,  1872,  1882,  1879,  1862,  1851,  1846,  1842,  1842,  1842,  1841,  1840,  1837,  1830,  1822,  1807,  1788,  1778,  1776,  1776,  1778,  1767,  1742,  1728,  1725,  1722,  1721,  1721,  1723,  1719,  1710,  1705,  1706,  1702,  1692,  1684,  1679,  1676,  1676,  1676,  1677,  1676,  1677,  1678,  1678,  1676,  1673,  1670,  1668,  1664,  1660,  1656,  1656,  1687,-32768,-32768,-32768,-32768,-32768,-32768,  1583,  1552,  1541,  1535,  1528,  1503,  1503,  1517,  1484,  1468,  1452,  1449,  1463,  1469,  1471,  1474,-32768,  1482,  1484,  1489,  1493,  1500,  1509,  1507,-32768,  1482,  1512,  1547,  1571,  1630,-32768,-32768,-32768,-32768,-32768,-32768,-32768,-32768,-32768,-32768,-32768,-32768,-32768,-32768,-32768,-32768,-32768,-32768,-32768,-32768,-32768,-32768,  1034,  1085,  1185,  1239,-32768,-32768,-32768,-32768,-32768,-32768,-32768,-32768,-32768,-32768,-32768,-32768,-32768,-32768,-32768,-32768,-32768,-32768,-32768,-32768,-32768,-32768,-32768,-32768,-32768,-32768,-32768,-32768,-32768,-32768,-32768,-32768,-32768,-32768,-32768,-32768,-32768,-32768,-32768,-32768,-32768,-32768,-32768,-32768,-32768,-32768,-32768,-32768,-32768,-32768,-32768,-32768,-32768,-32768,-32768,-32768,-32768,-32768,-32768,-32768,-32768,-32768,-32768,-32768,-32768,   304,   377,   428,   466,   526,   586,   683,   761,-32768,-32768,  1154,  1138,  1095,  1051,  1014,   987,   980,   985,   948,   958,-32768,-32768,  1091,  1090,  1157,  1253,  1290,  1291,  1289,  1281,  1302,  1342,  1335,  1289,  1268,  1271,  1279,  1296,  1307,  1312,  1301,  1274,  1266,  1276,  1282,  1287,  1289,  1283,  1281,  1282,  1281,  1278,  1275,  1274,  1277,  1285,  1283,  1270,  1267,  1275,  1275,
  1338,  1344,  1374,  1389,  1391,  1392,  1392,  1388,  1382,  1369,  1352,  1344,  1344,  1344,  1344,  1340,  1334,  1338,  1351,  1356,  1352,  1353,  1360,  1364,  1366,  1372,  1384,  1399,  1416,  1430,  1439,  1449,  1458,  1460,  1457,  1456,  1459,  1457,  1449,  1440,  1429,  1423,  1423,  1417,  1407,  1393,  1374,  1354,  1332,  1312,  1295,  1279,  1264,  1239,  1209,  1178,  1147,  1133,-32768,-32768,-32768,-32768,-32768,-32768,-32768,-32768,-32768,-32768,-32768,-32768,-32768,-32768,-32768,-32768,-32768,-32768,-32768,-32768,-32768,-32768,-32768,-32768,-32768,-32768,-32768,-32768,-32768,-32768,-32768,-32768,-32768,-32768,-32768,-32768,-32768,-32768,-32768,-32768,-32768,-32768,-32768,-32768,-32768,-32768,  1164,  1315,  1523,  1696,  1820,  1900,  1954,  1984,  1994,  1998,  2002,  1974,  1917,  1884,  1873,  1872,  1881,  1882,  1875,  1867,  1858,  1856,  1863,  1862,  1856,  1853,  1853,  1849,  1842,  1829,  1813,  1803,  1800,  1797,  1796,  1789,  1776,  1768,  1764,  1761,  1760,  1760,  1759,  1761,  1763,  1759,  1750,  1743,  1737,  1731,  1727,  1725,  1727,  1729,  1730,  1729,  1726,  1725,  1724,  1721,  1716,  1711,  1704,  1702,  1703,  1704,  1704,  1708,  1734,  1724,  1698,  1669,  1642,  1619,  1593,  1582,  1557,  1551,  1547,-32768,-32768,  1537,-32768,-32768,-32768,-32768,  1467,  1488,  1505,  1522,  1564,  1539,  1536,  1536,  1533,  1533,  1534,  1532,  1532,  1525,  1560,  1593,  1613,  1643,  1708,  1727,  1709,  1698,-32768,-32768,  1741,  1747,-32768,-32768,-32768,-32768,-32768,-32768,-32768,-32768,-32768,-32768,-32768,-32768,-32768,-32768,-32768,-32768,-32768,-32768,-32768,-32768,-32768,-32768,-32768,-32768,-32768,-32768,-32768,-32768,-32768,-32768,-32768,-32768,-32768,-32768,-32768,-32768,-32768,-32768,-32768,-32768,-32768,-32768,-32768,-32768,-32768,-32768,-32768,-32768,-32768,-32768,-32768,-32768,-32768,-32768,-32768,-32768,-32768,-32768,-32768,-32768,-32768,-32768,-32768,-32768,-32768,-32768,-32768,-32768,-32768,-32768,-32768,-32768,-32768,-32768,-32768,-32768,-32768,-32768,-32768,-32768,-32768,-32768,-32768,-32768,   508,   545,   597,   650,   691,   732,   752,-32768,-32768,  1238,  1215,  1172,  1132,  1102,  1088,  1079,  1033,-32768,-32768,-32768,  1543,  1369,  1334,  1363,  1411,  1438,  1466,  1469,  1444,  1442,  1453,  1441,  1411,  1400,  1403,  1406,  1410,  1417,  1427,  1419,  1394,  1383,  1386,  1386,  1388,  1380,  1363,  1354,  1354,  1356,  1358,  1361,  1366,  1373,  1380,  1378,  1365,  1361,  1365,  1358,
  1421,  1427,  1464,  1479,  1473,  1470,  1467,  1464,  1459,  1448,  1430,  1421,  1420,  1422,  1429,  1432,  1433,  1438,  1446,  1447,  1439,  1439,  1447,  1453,  1455,  1461,  1471,  1487,  1508,  1521,  1527,  1534,  1542,  1545,  1542,  1539,  1536,  1533,  1529,  1521,  1508,  1501,  1500,  1492,  1479,  1464,  1446,  1421,  1390,  1366,  1350,  1334,  1319,  1295,  1264,  1232,  1196,  1176,  1192,-32768,-32768,-32768,-32768,-32768,-32768,-32768,-32768,-32768,-32768,-32768,-32768,-32768,-32768,-32768,-32768,-32768,-32768,-32768,-32768,-32768,-32768,-32768,-32768,-32768,-32768,-32768,-32768,-32768,-32768,-32768,-32768,-32768,-32768,-32768,-32768,-32768,-32768,-32768,-32768,-32768,-32768,-32768,-32768,  1529,  1518,  1630,  1776,  1887,  1961,  1998,  2017,  2024,  2018,  2015,  2015,  1987,  1933,  1897,  1878,  1875,  1886,  1890,  1885,  1879,  1872,  1872,  1880,  1879,  1870,  1866,  1867,  1866,  1861,  1852,  1839,  1831,  1827,  1822,  1819,  1817,  1815,  1813,  1809,  1805,  1803,  1801,  1800,  1804,  1810,  1806,  1794,  1786,  1784,  1780,  1775,  1773,  1774,  1776,  1778,  1777,  1775,  1773,  1771,  1765,  1758,  1750,  1742,  1741,  1745,  1749,  1748,  1746,  1745,  1734,  1698,  1669,  1642,  1619,  1603,  1593,-32768,-32768,-32768,-32768,-32768,-32768,-32768,-32768,-32768,-32768,-32768,  1517,  1533,  1555,  1571,  1577,  1574,  1570,  1565,  1560,  1558,  1556,  1553,  1565,  1597,  1623,  1637,  1664,  1707,  1724,  1714,  1708,  1718,  1731,  1748,  1756,-32768,-32768,-32768,-32768,-32768,-32768,-32768,-32768,-32768,-32768,-32768,-32768,-32768,-32768,-32768,-32768,-32768,-32768,-32768,-32768,-32768,-32768,-32768,-32768,-32768,-32768,-32768,-32768,-32768,-32768,-32768,-32768,-32768,-32768,-32768,-32768,-32768,-32768,-32768,-32768,-32768,-32768,-32768,-32768,-32768,-32768,-32768,-32768,-32768,-32768,-32768,-32768,-32768,-32768,-32768,-32768,-32768,-32768,-32768,-32768,-32768,-32768,-32768,-32768,-32768,-32768,-32768,-32768,-32768,-32768,-32768,-32768,-32768,-32768,-32768,-32768,-32768,-32768,-32768,-32768,-32768,-32768,-32768,   737,   641,   658,   717,   770,   805,   848,   885,-32768,-32768,  1298,  1273,  1235,  1160,  1134,  1127,  1119,-32768,-32768,-32768,  1673,  1606,  1590,  1557,  1551,  1556,  1564,  1594,  1595,  1568,  1555,  1549,  1534,  1516,  1507,  1505,  1503,  1502,  1503,  1508,  1502,  1487,  1481,  1484,  1482,  1479,  1464,  1441,  1429,  1427,  1429,  1434,  1442,  1453,  1464,  1475,  1474,  1463,  1457,  1456,  1444,
  1511,  1514,  1543,  1556,  1552,  1548,  1544,  1539,  1533,  1525,  1514,  1505,  1500,  1500,  1503,  1512,  1526,  1533,  1534,  1531,  1524,  1526,  1537,  1544,  1548,  1556,  1566,  1581,  1602,  1613,  1613,  1616,  1621,  1624,  1625,  1618,  1605,  1596,  1591,  1585,  1576,  1574,  1577,  1568,  1548,  1532,  1520,  1493,  1453,  1420,  1397,  1379,  1364,  1345,  1324,  1295,  1258,  1229,  1214,  1254,  1297,-32768,-32768,-32768,-32768,-32768,-32768,-32768,-32768,-32768,-32768,-32768,-32768,-32768,-32768,-32768,-32768,-32768,-32768,-32768,-32768,-32768,-32768,-32768,-32768,-32768,-32768,-32768,-32768,-32768,-32768,-32768,-32768,-32768,-32768,-32768,-32768,-32768,-32768,-32768,-32768,-32768,  1789,  1733,  1820,  1904,  1948,  1980,  2012,  2019,  2012,  2007,  2002,  1993,  1979,  1961,  1940,  1919,  1900,  1897,  1911,  1913,  1902,  1897,  1899,  1901,  1902,  1899,  1891,  1887,  1887,  1888,  1888,  1883,  1872,  1865,  1859,  1853,  1848,  1850,  1858,  1861,  1859,  1855,  1848,  1844,  1844,  1846,  1848,  1844,  1835,  1829,  1828,  1825,  1818,  1814,  1813,  1814,  1815,  1818,  1820,  1819,  1814,  1806,  1796,  1787,  1780,  1779,  1781,  1783,  1781,  1773,  1763,  1743,-32768,-32768,-32768,-32768,-32768,-32768,-32768,-32768,-32768,-32768,-32768,-32768,-32768,-32768,-32768,-32768,  1556,  1545,  1550,  1568,  1587,  1596,  1594,  1591,  1587,  1585,  1583,  1585,  1593,  1607,  1623,  1641,  1658,  1678,  1704,  1720,  1727,  1730,  1731,  1742,  1764,  1775,-32768,-32768,-32768,-32768,-32768,-32768,-32768,-32768,-32768,-32768,-32768,-32768,-32768,-32768,-32768,-32768,-32768,-32768,-32768,-32768,-32768,-32768,-32768,-32768,-32768,-32768,-32768,-32768,-32768,-32768,-32768,-32768,-32768,-32768,-32768,-32768,-32768,-32768,-32768,-32768,-32768,-32768,-32768,-32768,-32768,-32768,-32768,-32768,-32768,-32768,-32768,-32768,-32768,-32768,-32768,-32768,-32768,-32768,-32768,-32768,-32768,-32768,-32768,-32768,-32768,-32768,-32768,-32768,-32768,-32768,-32768,-32768,-32768,-32768,-32768,-32768,-32768,-32768,-32768,-32768,-32768,-32768,-32768,   749,   719,   741,   801,   864,   924,   985,  1048,  1251,  1358,  1360,  1344,  1341,-32768,-32768,-32768,-32768,  1761,  1759,  1778,  1724,  1720,  1724,  1719,  1703,  1676,  1661,  1666,  1662,  1648,  1638,  1629,  1616,  1601,  1589,  1579,  1573,  1574,  1568,  1556,  1551,  1553,  1560,  1569,  1567,  1556,  1539,  1517,  1504,  1500,  1502,  1510,  1521,  1537,  1553,  1570,  1573,  1563,  1555,  1550,  1535,
  1605,  1606,  1624,  1631,  1625,  1621,  1620,  1617,  1611,  1606,  1600,  1593,  1589,  1587,  1587,  1596,  1614,  1624,  1625,  1624,  1621,  1625,  1635,  1643,  1650,  1657,  1665,  1676,  1693,  1702,  1702,  1702,  1703,  1706,  1709,  1698,  1673,  1659,  1656,  1652,  1648,  1645,  1645,  1632,  1607,  1590,  1578,  1552,  1510,  1474,  1447,  1425,  1409,  1391,  1372,  1346,  1312,  1283,  1262,  1278,  1326,  1406,  1428,-32768,-32768,-32768,-32768,-32768,-32768,-32768,-32768,-32768,-32768,-32768,-32768,-32768,-32768,-32768,-32768,-32768,-32768,-32768,-32768,-32768,-32768,-32768,-32768,-32768,-32768,-32768,-32768,-32768,-32768,-32768,-32768,-32768,-32768,-32768,-32768,-32768,-32768,  1957,  1895,  1956,  2040,  2067,  2041,  2024,  2027,  2022,  2011,  2002,  1993,  1982,  1966,  1957,  1954,  1944,  1929,  1928,  1941,  1942,  1931,  1930,  1939,  1942,  1939,  1933,  1924,  1921,  1922,  1924,  1926,  1922,  1913,  1904,  1895,  1887,  1882,  1886,  1899,  1905,  1902,  1899,  1893,  1890,  1889,  1888,  1886,  1880,  1871,  1868,  1869,  1866,  1857,  1852,  1853,  1853,  1855,  1856,  1856,  1853,  1846,  1836,  1827,  1818,  1811,  1809,  1808,  1805,  1800,  1783,  1771,-32768,-32768,-32768,-32768,-32768,-32768,-32768,-32768,-32768,-32768,-32768,-32768,-32768,-32768,-32768,-32768,-32768,  1556,  1555,  1558,  1573,  1608,  1616,  1615,  1613,  1612,  1611,  1608,  1599,  1613,  1634,  1643,  1657,  1673,  1688,  1706,  1723,  1738,  1746,  1749,  1758,  1774,  1785,-32768,-32768,-32768,-32768,-32768,-32768,-32768,-32768,-32768,-32768,-32768,-32768,-32768,-32768,-32768,-32768,-32768,-32768,-32768,-32768,-32768,-32768,-32768,-32768,-32768,-32768,-32768,-32768,-32768,-32768,-32768,-32768,-32768,-32768,-32768,-32768,-32768,-32768,-32768,-32768,-32768,-32768,-32768,-32768,-32768,-32768,-32768,-32768,-32768,-32768,-32768,-32768,-32768,-32768,-32768,-32768,-32768,-32768,-32768,-32768,-32768,-32768,-32768,-32768,-32768,-32768,-32768,-32768,-32768,-32768,-32768,-32768,-32768,-32768,-32768,-32768,-32768,-32768,-32768,-32768,-32768,-32768,-32768,-32768,   750,   797,   851,   918,  1002,  1100,  1203,  1324,  1422,  1462,  1465,  1508,  1730,  1829,  1877,  1875,  1800,  1793,  1808,  1808,  1801,  1800,  1797,  1776,  1740,  1717,  1712,  1707,  1700,  1694,  1687,  1677,  1663,  1653,  1645,  1641,  1642,  1636,  1621,  1619,  1628,  1637,  1644,  1641,  1630,  1614,  1597,  1584,  1576,  1578,  1588,  1602,  1621,  1638,  1655,  1659,  1652,  1644,  1635,  1622,
  1703,  1704,  1708,  1706,  1695,  1692,  1699,  1700,  1696,  1693,  1692,  1689,  1687,  1686,  1683,  1689,  1703,  1714,  1723,  1729,  1733,  1739,  1744,  1752,  1761,  1767,  1769,  1774,  1784,  1792,  1796,  1796,  1790,  1791,  1796,  1779,  1741,  1723,  1724,  1724,  1721,  1714,  1701,  1682,  1655,  1635,  1622,  1598,  1564,  1530,  1499,  1474,  1456,  1435,  1412,  1386,  1358,  1334,  1315,  1329,  1376,  1423,  1449,-32768,-32768,-32768,-32768,-32768,-32768,-32768,-32768,-32768,-32768,-32768,-32768,-32768,-32768,-32768,-32768,-32768,-32768,-32768,-32768,-32768,-32768,-32768,-32768,-32768,-32768,-32768,-32768,-32768,-32768,-32768,-32768,-32768,-32768,-32768,-32768,  1812,  1956,  2029,  2085,  2133,  2160,  2139,  2096,  2064,  2046,  2038,  2039,  2029,  2008,  1995,  1987,  1984,  1982,  1977,  1969,  1969,  1977,  1978,  1973,  1977,  1993,  1996,  1989,  1980,  1968,  1965,  1971,  1974,  1973,  1968,  1959,  1946,  1931,  1922,  1920,  1926,  1940,  1943,  1937,  1935,  1936,  1934,  1930,  1926,  1920,  1912,  1902,  1899,  1905,  1902,  1890,  1886,  1891,  1894,  1894,  1890,  1883,  1875,  1867,  1858,  1850,  1841,  1834,  1830,  1826,  1817,  1811,-32768,-32768,-32768,-32768,-32768,-32768,-32768,-32768,-32768,-32768,-32768,-32768,-32768,-32768,-32768,-32768,-32768,-32768,-32768,-32768,-32768,-32768,-32768,  1621,  1630,  1630,  1632,  1637,  1636,  1631,-32768,-32768,  1642,  1652,  1679,  1687,  1698,  1715,  1730,  1742,  1752,  1758,  1768,  1777,-32768,-32768,-32768,-32768,-32768,-32768,-32768,-32768,-32768,-32768,-32768,-32768,-32768,-32768,-32768,-32768,-32768,-32768,-32768,-32768,-32768,-32768,-32768,-32768,-32768,-32768,-32768,-32768,-32768,-32768,-32768,-32768,-32768,-32768,-32768,-32768,-32768,-32768,-32768,-32768,-32768,-32768,-32768,-32768,-32768,-32768,-32768,-32768,-32768,-32768,-32768,-32768,-32768,-32768,-32768,-32768,-32768,-32768,-32768,-32768,-32768,-32768,-32768,-32768,-32768,-32768,-32768,-32768,-32768,-32768,-32768,-32768,-32768,-32768,-32768,-32768,-32768,-32768,-32768,-32768,-32768,-32768,-32768,-32768,-32768,-32768,   843,   880,   945,  1040,  1178,  1337,  1475,  1565,  1613,  1636,  1695,  1802,  1878,  1902,  1894,  1868,  1858,  1860,  1856,  1843,  1831,  1822,  1803,  1778,  1762,  1757,  1751,  1744,  1741,  1740,  1731,  1712,  1706,  1713,  1715,  1712,  1708,  1704,  1705,  1712,  1715,  1714,  1710,  1703,  1695,  1685,  1674,  1661,  1661,  1674,  1689,  1707,  1721,  1733,  1737,  1735,  1728,  1715,  1707,
  1792,  1794,  1797,  1792,  1778,  1776,  1787,  1791,  1789,  1788,  1788,  1787,  1788,  1788,  1788,  1793,  1803,  1813,  1822,  1830,  1836,  1842,  1849,  1858,  1871,  1876,  1871,  1871,  1876,  1880,  1882,  1879,  1871,  1868,  1869,  1851,  1817,  1798,  1795,  1792,  1786,  1774,  1756,  1735,  1710,  1689,  1673,  1653,  1628,  1598,  1562,  1533,  1511,  1489,  1467,  1442,  1416,  1395,  1379,  1387,  1419,  1451,  1479,  1504,-32768,  1581,  1581,-32768,-32768,-32768,-32768,-32768,-32768,-32768,-32768,-32768,-32768,-32768,-32768,-32768,-32768,-32768,-32768,-32768,-32768,-32768,-32768,-32768,-32768,-32768,-32768,-32768,-32768,-32768,-32768,-32768,-32768,-32768,  1816,  1860,  2022,  2160,  2214,  2223,  2204,  2167,  2129,  2103,  2085,  2078,  2080,  2069,  2046,  2034,  2031,  2029,  2026,  2023,  2021,  2021,  2023,  2025,  2026,  2033,  2045,  2049,  2043,  2034,  2020,  2015,  2022,  2023,  2019,  2013,  2005,  1992,  1976,  1966,  1963,  1967,  1977,  1978,  1972,  1973,  1979,  1977,  1968,  1961,  1956,  1948,  1938,  1935,  1938,  1934,  1922,  1919,  1924,  1925,  1923,  1916,  1905,  1895,  1887,  1877,  1868,  1860,  1854,  1847,  1837,  1823,  1816,-32768,-32768,-32768,-32768,-32768,-32768,-32768,-32768,-32768,-32768,-32768,-32768,-32768,-32768,-32768,-32768,-32768,-32768,-32768,-32768,-32768,-32768,-32768,-32768,  1634,  1634,  1638,  1651,  1652,  1643,-32768,-32768,-32768,-32768,  1691,  1694,  1703,  1720,  1733,  1743,  1753,  1763,  1774,  1780,-32768,-32768,-32768,-32768,-32768,-32768,-32768,-32768,-32768,-32768,-32768,-32768,-32768,-32768,-32768,-32768,-32768,-32768,-32768,-32768,-32768,-32768,-32768,-32768,-32768,-32768,-32768,-32768,-32768,-32768,-32768,-32768,-32768,-32768,-32768,-32768,-32768,-32768,-32768,-32768,-32768,-32768,-32768,-32768,-32768,-32768,-32768,-32768,-32768,-32768,-32768,-32768,-32768,-32768,-32768,-32768,-32768,-32768,-32768,-32768,-32768,-32768,-32768,-32768,-32768,-32768,-32768,-32768,-32768,-32768,-32768,-32768,-32768,-32768,-32768,-32768,-32768,-32768,-32768,-32768,-32768,-32768,-32768,-32768,-32768,-32768,   904,   936,   999,  1090,  1245,  1441,  1612,  1724,  1785,  1812,  1858,  1928,  1964,  1955,  1932,  1912,  1901,  1894,  1885,  1871,  1857,  1846,  1832,  1816,  1803,  1794,  1788,  1783,  1784,  1788,  1784,  1772,  1771,  1782,  1786,  1782,  1780,  1780,  1784,  1791,  1793,  1788,  1784,  1780,  1776,  1771,  1763,  1751,  1750,  1760,  1773,  1788,  1801,  1810,  1812,  1809,  1802,  1792,  1789,
  1874,  1882,  1893,  1892,  1877,  1873,  1882,  1887,  1887,  1886,  1885,  1885,  1889,  1894,  1898,  1905,  1912,  1917,  1921,  1925,  1927,  1933,  1945,  1959,  1976,  1980,  1970,  1965,  1967,  1965,  1958,  1951,  1944,  1937,  1926,  1913,  1897,  1882,  1870,  1857,  1843,  1827,  1810,  1792,  1772,  1752,  1732,  1714,  1699,  1673,  1633,  1599,  1572,  1552,  1536,  1515,  1490,  1470,  1457,  1455,  1464,  1477,  1494,  1508,-32768,  1645,  1665,-32768,-32768,-32768,-32768,-32768,-32768,-32768,-32768,-32768,-32768,-32768,-32768,-32768,-32768,-32768,-32768,-32768,-32768,-32768,-32768,-32768,-32768,-32768,  1953,  1988,  2039,  2048,-32768,-32768,-32768,-32768,  1816,  2007,  2150,  2253,  2282,  2265,  2232,  2197,  2166,  2150,  2145,  2139,  2130,  2118,  2102,  2094,  2094,  2092,  2084,  2082,  2085,  2085,  2081,  2083,  2090,  2094,  2096,  2099,  2101,  2093,  2076,  2070,  2074,  2071,  2062,  2055,  2051,  2041,  2028,  2018,  2011,  2008,  2010,  2010,  2008,  2014,  2025,  2022,  2006,  1998,  1997,  1992,  1984,  1977,  1973,  1967,  1958,  1955,  1955,  1951,  1947,  1940,  1927,  1916,  1907,  1896,  1884,  1875,  1871,  1861,  1844,  1828,  1817,-32768,-32768,-32768,-32768,-32768,-32768,-32768,-32768,-32768,-32768,-32768,-32768,-32768,-32768,-32768,-32768,-32768,-32768,-32768,-32768,-32768,-32768,-32768,-32768,-32768,-32768,-32768,  1724,  1731,-32768,-32768,-32768,-32768,-32768,-32768,-32768,-32768,-32768,-32768,-32768,-32768,-32768,-32768,-32768,-32768,-32768,-32768,-32768,-32768,-32768,-32768,-32768,-32768,-32768,-32768,-32768,-32768,-32768,-32768,-32768,-32768,-32768,-32768,-32768,-32768,-32768,-32768,-32768,-32768,-32768,-32768,-32768,-32768,-32768,-32768,-32768,-32768,-32768,-32768,-32768,-32768,-32768,-32768,-32768,-32768,-32768,-32768,-32768,-32768,-32768,-32768,-32768,-32768,-32768,-32768,-32768,-32768,-32768,-32768,-32768,-32768,-32768,-32768,-32768,-32768,-32768,-32768,-32768,-32768,-32768,-32768,-32768,-32768,-32768,-32768,-32768,-32768,-32768,-32768,-32768,-32768,-32768,-32768,-32768,-32768,-32768,-32768,-32768,-32768,   967,   987,  1029,  1098,  1183,  1337,  1544,  1738,  1883,  1951,  1960,  1975,  2001,  2004,  1982,  1952,  1927,  1916,  1913,  1911,  1907,  1896,  1882,  1872,  1863,  1849,  1832,  1824,  1825,  1830,  1838,  1844,  1846,  1850,  1857,  1859,  1855,  1853,  1855,  1860,  1869,  1874,  1874,  1871,  1867,  1862,  1857,  1852,  1847,  1847,  1851,  1859,  1869,  1881,  1892,  1892,  1881,  1874,  1872,  1872,
  1963,  1970,  1981,  1978,  1964,  1961,  1970,  1977,  1983,  1985,  1983,  1984,  1988,  1993,  2000,  2007,  2012,  2015,  2018,  2019,  2019,  2025,  2037,  2052,  2068,  2068,  2049,  2038,  2039,  2036,  2028,  2021,  2013,  2000,  1981,  1968,  1959,  1948,  1933,  1916,  1895,  1877,  1862,  1847,  1831,  1812,  1789,  1771,  1759,  1734,  1696,  1663,  1638,  1618,  1604,  1586,  1564,  1545,  1532,  1523,  1517,  1514,  1516,  1524,  1556,  1611,  1676,  1777,-32768,-32768,-32768,-32768,-32768,-32768,-32768,-32768,-32768,-32768,-32768,-32768,-32768,-32768,-32768,-32768,-32768,  1868,  1899,  1933,  1957,  2000,  2004,  2041,  2077,  2070,  2039,  2022,  2031,-32768,-32768,  2173,  2249,  2316,  2321,  2296,  2268,  2243,  2223,  2213,  2210,  2204,  2191,  2178,  2167,  2160,  2161,  2160,  2153,  2150,  2152,  2151,  2146,  2145,  2146,  2147,  2147,  2151,  2157,  2153,  2138,  2130,  2129,  2122,  2109,  2100,  2095,  2086,  2075,  2065,  2057,  2053,  2051,  2050,  2050,  2054,  2062,  2058,  2044,  2037,  2035,  2030,  2023,  2015,  2008,  2001,  1995,  1991,  1987,  1979,  1971,  1963,  1950,  1937,  1925,  1914,  1903,  1892,  1882,  1867,  1848,  1830,-32768,-32768,-32768,-32768,-32768,-32768,-32768,-32768,-32768,-32768,-32768,-32768,-32768,-32768,-32768,-32768,-32768,-32768,-32768,-32768,-32768,-32768,-32768,-32768,-32768,-32768,-32768,-32768,-32768,-32768,-32768,-32768,-32768,-32768,-32768,-32768,-32768,-32768,-32768,-32768,-32768,-32768,-32768,-32768,-32768,-32768,-32768,-32768,-32768,-32768,-32768,-32768,-32768,-32768,-32768,-32768,-32768,-32768,  1890,  1892,  1894,-32768,-32768,-32768,-32768,-32768,-32768,-32768,-32768,-32768,-32768,-32768,-32768,-32768,-32768,-32768,-32768,-32768,-32768,-32768,-32768,-32768,-32768,-32768,-32768,-32768,-32768,-32768,-32768,-32768,-32768,-32768,-32768,-32768,-32768,-32768,-32768,-32768,-32768,-32768,-32768,-32768,-32768,-32768,-32768,-32768,-32768,-32768,-32768,-32768,-32768,-32768,-32768,-32768,-32768,-32768,-32768,-32768,-32768,-32768,-32768,-32768,-32768,-32768,-32768,-32768,-32768,-32768,-32768,-32768,-32768,  1121,  1169,  1259,  1360,  1511,  1701,  1876,  2004,  2057,  2052,  2040,  2030,  2011,  1985,  1960,  1941,  1934,  1937,  1939,  1936,  1930,  1926,  1925,  1922,  1911,  1894,  1887,  1890,  1896,  1905,  1912,  1918,  1923,  1928,  1930,  1931,  1933,  1937,  1945,  1955,  1961,  1962,  1961,  1958,  1956,  1953,  1950,  1948,  1948,  1951,  1956,  1961,  1969,  1978,  1975,  1963,  1957,  1957,  1960,
  2056,  2058,  2057,  2052,  2043,  2043,  2053,  2065,  2077,  2081,  2077,  2076,  2077,  2081,  2089,  2095,  2098,  2101,  2106,  2109,  2110,  2112,  2118,  2129,  2142,  2134,  2105,  2088,  2088,  2088,  2087,  2082,  2071,  2054,  2032,  2015,  2002,  1991,  1982,  1966,  1942,  1923,  1911,  1899,  1886,  1867,  1843,  1821,  1805,  1781,  1748,  1722,  1705,  1686,  1667,  1648,  1629,  1611,  1595,  1582,  1570,  1559,  1553,  1550,  1555,  1569,-32768,  1787,  1808,-32768,-32768,-32768,-32768,-32768,-32768,-32768,-32768,-32768,-32768,-32768,-32768,-32768,-32768,  1925,  1932,  1914,  1958,  1994,  2016,  2060,  2123,  2160,  2166,  2136,  2075,  2046,  2048,  2065,-32768,  2264,  2318,  2373,  2357,  2330,  2311,  2298,  2291,  2284,  2278,  2270,  2258,  2246,  2235,  2228,  2228,  2227,  2225,  2221,  2216,  2213,  2212,  2204,  2190,  2186,  2192,  2200,  2209,  2210,  2203,  2195,  2186,  2175,  2162,  2149,  2138,  2128,  2118,  2111,  2104,  2101,  2099,  2097,  2095,  2093,  2090,  2087,  2082,  2077,  2070,  2062,  2053,  2046,  2042,  2037,  2032,  2027,  2021,  2009,  1996,  1985,  1974,  1958,  1940,  1929,  1923,  1908,  1890,  1867,  1850,-32768,-32768,-32768,-32768,-32768,-32768,-32768,-32768,-32768,-32768,-32768,-32768,-32768,-32768,-32768,-32768,-32768,-32768,-32768,-32768,-32768,-32768,-32768,-32768,-32768,-32768,-32768,-32768,-32768,-32768,-32768,-32768,-32768,-32768,-32768,-32768,-32768,-32768,-32768,-32768,-32768,-32768,-32768,-32768,  2177,  2193,-32768,-32768,-32768,-32768,-32768,-32768,-32768,-32768,-32768,-32768,-32768,-32768,-32768,  1890,  1902,  1910,-32768,-32768,-32768,-32768,-32768,-32768,-32768,-32768,-32768,-32768,-32768,-32768,-32768,-32768,-32768,-32768,-32768,-32768,-32768,-32768,-32768,-32768,-32768,-32768,-32768,-32768,-32768,-32768,-32768,-32768,-32768,-32768,-32768,-32768,-32768,-32768,-32768,-32768,-32768,-32768,-32768,-32768,-32768,-32768,-32768,-32768,-32768,-32768,-32768,-32768,-32768,-32768,-32768,-32768,-32768,-32768,-32768,-32768,-32768,-32768,-32768,-32768,-32768,-32768,-32768,-32768,-32768,-32768,-32768,-32768,  1301,  1362,  1479,  1614,  1754,  1894,  2009,  2077,  2102,  2097,  2078,  2051,  2025,  2002,  1984,  1975,  1974,  1980,  1978,  1961,  1959,  1977,  1989,  1991,  1987,  1981,  1977,  1979,  1983,  1989,  1992,  1990,  1992,  1999,  2007,  2016,  2024,  2031,  2040,  2051,  2055,  2053,  2053,  2054,  2056,  2059,  2057,  2051,  2052,  2060,  2063,  2063,  2064,  2063,  2059,  2052,  2048,  2048,  2052,
  2152,  2151,  2145,  2142,  2141,  2144,  2150,  2158,  2168,  2169,  2161,  2157,  2156,  2159,  2167,  2172,  2173,  2178,  2185,  2189,  2190,  2189,  2191,  2196,  2203,  2190,  2158,  2140,  2139,  2140,  2142,  2135,  2122,  2102,  2077,  2059,  2046,  2036,  2028,  2011,  1985,  1965,  1952,  1939,  1928,  1910,  1885,  1862,  1842,  1819,  1792,  1772,  1759,  1742,  1723,  1704,  1683,  1665,  1648,  1634,  1622,  1607,  1592,  1579,  1572,  1577,-32768,  1785,  1811,  1854,-32768,-32768,-32768,-32768,-32768,-32768,-32768,-32768,-32768,-32768,-32768,-32768,  1973,  1957,  1978,  2018,  2074,  2112,  2133,  2176,  2236,  2276,  2283,  2259,  2201,  2143,  2104,  2089,-32768,  2289,  2374,  2416,  2401,  2379,  2362,  2351,  2344,  2338,  2333,  2328,  2319,  2309,  2298,  2291,  2288,  2288,  2289,  2285,  2278,  2273,  2270,  2259,  2241,  2234,  2240,  2247,  2255,  2257,  2254,  2248,  2237,  2225,  2212,  2199,  2185,  2172,  2161,  2153,  2149,  2146,  2142,  2139,  2135,  2131,  2126,  2122,  2118,  2112,  2103,  2094,  2085,  2079,  2075,  2070,  2066,  2060,  2051,  2038,  2023,  2012,  2001,  1984,  1961,  1944,  1931,  1913,  1894,-32768,-32768,-32768,-32768,-32768,-32768,-32768,-32768,-32768,-32768,-32768,-32768,-32768,-32768,-32768,-32768,-32768,-32768,-32768,-32768,-32768,-32768,-32768,-32768,-32768,-32768,-32768,-32768,-32768,-32768,-32768,-32768,-32768,-32768,-32768,-32768,-32768,-32768,-32768,-32768,-32768,-32768,-32768,-32768,-32768,-32768,  2177,  2222,  2269,-32768,-32768,-32768,-32768,-32768,-32768,-32768,-32768,-32768,-32768,-32768,-32768,-32768,  1912,  1942,  2005,  2033,-32768,-32768,-32768,-32768,-32768,-32768,-32768,-32768,-32768,-32768,-32768,-32768,-32768,-32768,-32768,-32768,-32768,-32768,-32768,-32768,-32768,-32768,-32768,-32768,-32768,-32768,-32768,-32768,-32768,-32768,-32768,-32768,-32768,-32768,-32768,-32768,-32768,-32768,-32768,-32768,-32768,-32768,-32768,-32768,-32768,-32768,-32768,-32768,-32768,-32768,-32768,-32768,-32768,-32768,-32768,-32768,-32768,-32768,-32768,-32768,-32768,-32768,-32768,-32768,-32768,-32768,-32768,  1475,  1480,  1592,  1736,  1880,  1991,  2068,  2120,  2140,  2140,  2132,  2110,  2078,  2055,  2043,  2035,  2030,  2029,  2034,  2031,  2013,  2015,  2040,  2058,  2063,  2067,  2068,  2067,  2068,  2072,  2076,  2078,  2075,  2078,  2084,  2094,  2108,  2118,  2126,  2136,  2148,  2153,  2152,  2152,  2155,  2159,  2163,  2160,  2150,  2150,  2159,  2162,  2164,  2164,  2160,  2153,  2147,  2143,  2144,  2148,
  2242,  2239,  2233,  2237,  2248,  2254,  2255,  2255,  2254,  2248,  2239,  2232,  2229,  2231,  2237,  2240,  2242,  2247,  2254,  2259,  2259,  2256,  2254,  2255,  2253,  2237,  2209,  2194,  2193,  2192,  2192,  2183,  2166,  2145,  2118,  2100,  2091,  2081,  2070,  2052,  2027,  2005,  1985,  1970,  1961,  1943,  1918,  1894,  1874,  1853,  1832,  1815,  1800,  1786,  1772,  1753,  1728,  1707,  1690,  1679,  1673,  1656,  1631,  1617,  1618,  1634,  1706,  1758,  1813,  1874,  1923,-32768,-32768,-32768,-32768,-32768,-32768,-32768,-32768,-32768,-32768,-32768,  2008,  2028,  2071,  2123,  2175,  2210,  2238,  2272,  2315,  2362,  2400,  2410,  2383,  2304,  2203,  2164,-32768,-32768,  2417,  2440,  2446,  2436,  2418,  2400,  2383,  2375,  2377,  2377,  2371,  2363,  2352,  2344,  2340,  2339,  2340,  2339,  2336,  2330,  2319,  2308,  2296,  2289,  2288,  2289,  2292,  2293,  2291,  2287,  2280,  2271,  2259,  2247,  2234,  2218,  2199,  2190,  2190,  2187,  2181,  2176,  2170,  2167,  2167,  2161,  2149,  2140,  2134,  2127,  2121,  2114,  2104,  2098,  2093,  2085,  2074,  2061,  2048,  2037,  2026,  2007,  1982,  1953,  1925,  1908,-32768,-32768,-32768,-32768,-32768,-32768,-32768,-32768,-32768,-32768,-32768,-32768,-32768,-32768,-32768,-32768,-32768,-32768,-32768,-32768,-32768,-32768,-32768,-32768,-32768,-32768,-32768,-32768,-32768,-32768,-32768,-32768,-32768,-32768,-32768,-32768,-32768,-32768,-32768,-32768,-32768,-32768,-32768,-32768,-32768,-32768,-32768,-32768,  2271,  2283,  2301,-32768,-32768,-32768,-32768,-32768,-32768,-32768,-32768,-32768,-32768,-32768,-32768,-32768,  1968,  2008,  2070,  2166,  2262,  2343,  2389,-32768,-32768,-32768,-32768,-32768,-32768,-32768,-32768,-32768,-32768,-32768,-32768,-32768,-32768,-32768,-32768,-32768,-32768,-32768,-32768,-32768,-32768,-32768,-32768,-32768,-32768,-32768,-32768,-32768,-32768,-32768,-32768,-32768,-32768,-32768,-32768,-32768,-32768,-32768,-32768,-32768,-32768,-32768,-32768,-32768,-32768,-32768,-32768,-32768,-32768,-32768,-32768,-32768,-32768,-32768,-32768,-32768,-32768,-32768,-32768,-32768,-32768,  1552,  1547,  1677,  1845,  2000,  2120,  2182,  2196,  2200,  2197,  2185,  2172,  2148,  2116,  2102,  2107,  2106,  2100,  2096,  2095,  2094,  2091,  2097,  2116,  2131,  2139,  2144,  2147,  2149,  2153,  2157,  2161,  2166,  2171,  2176,  2181,  2190,  2201,  2209,  2215,  2224,  2237,  2245,  2250,  2253,  2256,  2258,  2259,  2253,  2240,  2236,  2241,  2248,  2257,  2262,  2258,  2250,  2239,  2234,  2236,  2240,
  2322,  2319,  2313,  2319,  2335,  2342,  2341,  2339,  2335,  2328,  2319,  2311,  2304,  2302,  2303,  2301,  2300,  2305,  2314,  2320,  2321,  2316,  2312,  2308,  2298,  2282,  2258,  2245,  2241,  2236,  2229,  2217,  2200,  2180,  2156,  2140,  2131,  2121,  2108,  2089,  2065,  2043,  2021,  2003,  1987,  1967,  1943,  1920,  1901,  1883,  1867,  1852,  1838,  1823,  1809,  1791,  1766,  1744,  1728,  1719,  1717,  1705,  1685,  1677,  1682,  1700,  1734,  1764,-32768,  1909,  1944,  2000,-32768,-32768,-32768,-32768,-32768,-32768,-32768,-32768,-32768,-32768,  2103,  2124,  2169,  2214,  2253,  2281,  2309,  2337,  2369,  2419,  2473,  2505,  2502,  2431,  2319,  2283,  2394,  2445,  2456,  2471,  2483,  2481,  2468,  2455,  2438,  2428,  2425,  2422,  2418,  2411,  2403,  2397,  2393,  2391,  2391,  2389,  2385,  2377,  2364,  2352,  2342,  2335,  2333,  2332,  2331,  2331,  2330,  2325,  2318,  2309,  2298,  2286,  2273,  2258,  2239,  2230,  2231,  2228,  2222,  2216,  2209,  2205,  2203,  2196,  2182,  2174,  2170,  2165,  2159,  2150,  2135,  2125,  2118,  2109,  2097,  2084,  2070,  2058,  2044,  2022,  1993,  1955,  1921,  1903,-32768,-32768,-32768,-32768,-32768,-32768,-32768,-32768,-32768,-32768,-32768,-32768,-32768,-32768,-32768,-32768,-32768,-32768,-32768,-32768,-32768,-32768,-32768,-32768,-32768,-32768,-32768,-32768,-32768,-32768,-32768,-32768,-32768,-32768,-32768,-32768,-32768,-32768,-32768,-32768,-32768,-32768,-32768,-32768,-32768,-32768,-32768,-32768,  2292,  2315,  2322,-32768,-32768,-32768,-32768,-32768,-32768,-32768,-32768,-32768,-32768,-32768,-32768,-32768,  1979,  2045,  2095,  2167,  2247,  2343,  2402,  2439,  2455,  2455,  2409,-32768,  2386,  2381,  2375,  2373,  2371,-32768,-32768,-32768,-32768,-32768,-32768,-32768,-32768,-32768,-32768,-32768,-32768,-32768,-32768,-32768,-32768,-32768,-32768,-32768,-32768,-32768,-32768,-32768,-32768,-32768,-32768,-32768,-32768,-32768,-32768,-32768,-32768,-32768,-32768,-32768,-32768,-32768,-32768,-32768,-32768,-32768,-32768,-32768,-32768,-32768,-32768,-32768,-32768,-32768,-32768,-32768,-32768,  1645,  1723,  1902,  2080,  2200,  2270,  2288,  2272,  2256,  2243,  2229,  2217,  2199,  2175,  2167,  2174,  2177,  2176,  2173,  2170,  2170,  2170,  2178,  2197,  2213,  2223,  2231,  2234,  2239,  2246,  2250,  2252,  2254,  2257,  2263,  2270,  2281,  2295,  2305,  2313,  2320,  2330,  2339,  2346,  2349,  2348,  2348,  2348,  2341,  2327,  2323,  2329,  2338,  2352,  2356,  2349,  2337,  2323,  2317,  2318,  2320,
  2393,  2392,  2388,  2391,  2399,  2403,  2403,  2403,  2402,  2398,  2392,  2385,  2376,  2370,  2365,  2356,  2348,  2350,  2362,  2372,  2375,  2371,  2364,  2355,  2339,  2321,  2304,  2291,  2284,  2272,  2257,  2242,  2226,  2210,  2192,  2177,  2167,  2155,  2141,  2122,  2098,  2078,  2060,  2036,  2005,  1980,  1960,  1941,  1925,  1910,  1896,  1885,  1873,  1856,  1836,  1818,  1799,  1781,  1766,  1759,  1758,  1756,  1754,  1755,  1756,  1772,  1800,  1824,  1892,  1932,  1980,  2020,  2064,-32768,-32768,-32768,-32768,-32768,-32768,-32768,-32768,-32768,  2223,  2238,  2267,  2295,  2317,  2334,  2353,  2375,  2404,  2450,  2503,  2540,  2546,  2501,  2424,  2399,  2430,  2471,  2503,  2516,  2515,  2514,  2514,  2511,  2503,  2490,  2472,  2461,  2457,  2453,  2450,  2446,  2444,  2442,  2438,  2431,  2421,  2412,  2403,  2392,  2378,  2373,  2375,  2374,  2372,  2371,  2370,  2364,  2352,  2341,  2330,  2317,  2303,  2290,  2278,  2271,  2270,  2267,  2262,  2256,  2250,  2243,  2235,  2226,  2216,  2211,  2212,  2207,  2196,  2181,  2162,  2149,  2142,  2132,  2119,  2106,  2091,  2075,  2054,  2028,  1998,  1963,  1923,-32768,-32768,-32768,-32768,-32768,-32768,-32768,-32768,-32768,-32768,-32768,-32768,-32768,-32768,-32768,-32768,-32768,-32768,-32768,-32768,-32768,-32768,-32768,-32768,-32768,-32768,-32768,-32768,-32768,-32768,-32768,-32768,-32768,-32768,-32768,-32768,-32768,-32768,-32768,-32768,-32768,-32768,-32768,-32768,-32768,-32768,-32768,-32768,-32768,-32768,  2353,  2368,  2419,-32768,-32768,-32768,-32768,-32768,-32768,-32768,-32768,-32768,-32768,-32768,-32768,-32768,  2121,  2111,  2168,  2264,-32768,  2415,  2439,  2460,  2462,  2459,  2479,  2475,  2472,  2457,  2455,  2463,  2478,-32768,-32768,-32768,-32768,-32768,-32768,-32768,-32768,-32768,-32768,-32768,-32768,-32768,-32768,-32768,-32768,-32768,-32768,-32768,-32768,-32768,-32768,-32768,-32768,-32768,-32768,-32768,-32768,-32768,-32768,-32768,-32768,-32768,-32768,-32768,-32768,-32768,-32768,-32768,-32768,-32768,-32768,-32768,-32768,-32768,-32768,-32768,-32768,-32768,-32768,  1944,  1840,  1826,  2141,  2265,  2321,  2328,  2320,  2313,  2303,  2290,  2278,  2271,  2263,  2254,  2248,  2242,  2244,  2253,  2257,  2257,  2255,  2246,  2253,  2277,  2297,  2311,  2320,  2324,  2332,  2343,  2347,  2342,  2335,  2327,  2331,  2343,  2360,  2383,  2401,  2413,  2421,  2425,  2430,  2434,  2433,  2429,  2426,  2426,  2420,  2409,  2408,  2417,  2430,  2444,  2444,  2431,  2416,  2400,  2391,  2389,  2390,
  2452,  2451,  2448,  2448,  2449,  2452,  2457,  2458,  2454,  2448,  2443,  2439,  2434,  2426,  2416,  2405,  2395,  2397,  2409,  2417,  2418,  2411,  2398,  2383,  2365,  2347,  2333,  2322,  2314,  2301,  2282,  2266,  2253,  2239,  2225,  2212,  2200,  2188,  2172,  2152,  2128,  2108,  2090,  2065,  2031,  2006,  1990,  1973,  1954,  1940,  1931,  1921,  1908,  1889,  1868,  1852,  1837,  1823,  1812,  1807,  1807,  1812,  1824,  1835,  1841,  1858,  1884,  1904,  1926,  1965,  2014,  2055,  2080,  2116,-32768,-32768,-32768,-32768,-32768,-32768,-32768,-32768,  2302,  2316,  2341,  2358,  2365,  2373,  2384,  2396,  2414,  2452,  2505,  2552,  2576,  2559,  2515,  2495,  2504,  2496,  2547,  2556,  2552,  2548,  2549,  2548,  2544,  2532,  2512,  2500,  2496,  2492,  2489,  2486,  2484,  2480,  2474,  2465,  2453,  2443,  2435,  2425,  2414,  2412,  2417,  2417,  2412,  2407,  2403,  2395,  2384,  2373,  2362,  2349,  2333,  2323,  2316,  2310,  2306,  2301,  2297,  2291,  2285,  2276,  2265,  2255,  2247,  2244,  2246,  2242,  2226,  2208,  2187,  2172,  2161,  2149,  2136,  2123,  2108,  2088,  2060,  2026,  1993,  1971,-32768,-32768,-32768,-32768,-32768,-32768,-32768,-32768,-32768,-32768,-32768,-32768,-32768,-32768,-32768,-32768,-32768,-32768,-32768,-32768,-32768,-32768,-32768,-32768,-32768,-32768,-32768,-32768,-32768,-32768,-32768,-32768,-32768,-32768,-32768,-32768,-32768,-32768,-32768,-32768,-32768,-32768,-32768,-32768,-32768,-32768,-32768,-32768,-32768,-32768,-32768,  2374,  2412,  2438,  2472,-32768,-32768,-32768,-32768,-32768,-32768,-32768,-32768,-32768,-32768,-32768,-32768,-32768,-32768,-32768,-32768,-32768,-32768,-32768,  2465,  2471,  2473,  2485,  2502,  2501,  2486,  2485,  2493,  2490,  2468,-32768,-32768,-32768,-32768,-32768,-32768,-32768,-32768,-32768,-32768,-32768,-32768,-32768,-32768,-32768,-32768,-32768,-32768,-32768,-32768,-32768,-32768,-32768,-32768,-32768,-32768,-32768,-32768,-32768,-32768,-32768,-32768,-32768,-32768,-32768,-32768,-32768,-32768,-32768,-32768,-32768,-32768,-32768,-32768,-32768,-32768,-32768,  2135,  2142,  2047,  2063,-32768,  2344,  2388,  2396,  2373,  2354,  2350,  2345,  2337,  2332,  2330,  2331,  2332,  2331,  2326,  2328,  2338,  2341,  2341,  2339,  2334,  2341,  2362,  2381,  2396,  2405,  2408,  2416,  2429,  2430,  2418,  2408,  2401,  2407,  2421,  2438,  2461,  2481,  2496,  2505,  2505,  2506,  2507,  2503,  2495,  2490,  2490,  2486,  2478,  2478,  2488,  2499,  2511,  2511,  2496,  2480,  2464,  2454,  2450,  2449,
  2500,  2499,  2495,  2492,  2489,  2494,  2508,  2509,  2494,  2482,  2476,  2474,  2474,  2467,  2456,  2447,  2442,  2445,  2456,  2459,  2454,  2439,  2416,  2396,  2380,  2365,  2351,  2342,  2337,  2325,  2306,  2291,  2279,  2268,  2256,  2243,  2232,  2218,  2199,  2177,  2155,  2133,  2110,  2087,  2063,  2044,  2032,  2013,  1988,  1973,  1968,  1960,  1942,  1924,  1908,  1894,  1882,  1872,  1864,  1862,  1863,  1873,  1897,  1918,  1935,  1955,  1976,  1989,  2001,  2025,  2055,  2087,  2115,  2137,  2169,-32768,-32768,-32768,-32768,-32768,-32768,-32768,  2326,  2345,  2382,  2401,  2400,  2402,  2409,  2409,  2407,  2433,  2489,  2553,  2600,  2608,  2590,  2577,  2577,-32768,  2587,  2590,  2589,  2580,  2572,  2567,  2562,  2554,  2545,  2538,  2533,  2527,  2521,  2516,  2512,  2507,  2499,  2490,  2480,  2471,  2461,  2454,  2450,  2453,  2460,  2458,  2449,  2439,  2429,  2420,  2412,  2403,  2394,  2381,  2364,  2355,  2354,  2348,  2338,  2331,  2325,  2319,  2313,  2304,  2292,  2282,  2277,  2274,  2273,  2266,  2251,  2232,  2213,  2195,  2179,  2164,  2151,  2139,  2124,  2100,  2065,  2022,  1988,  1973,-32768,-32768,-32768,-32768,-32768,-32768,-32768,-32768,-32768,-32768,-32768,-32768,-32768,-32768,-32768,-32768,-32768,-32768,-32768,-32768,-32768,-32768,-32768,-32768,-32768,-32768,-32768,-32768,-32768,-32768,-32768,-32768,-32768,-32768,-32768,-32768,-32768,-32768,-32768,-32768,-32768,-32768,-32768,-32768,-32768,-32768,-32768,-32768,-32768,-32768,-32768,-32768,  2432,  2480,  2491,-32768,-32768,-32768,-32768,-32768,-32768,-32768,-32768,-32768,-32768,-32768,-32768,-32768,-32768,-32768,-32768,-32768,-32768,-32768,-32768,  2479,  2485,  2500,  2517,  2521,  2516,  2520,  2525,  2522,  2516,  2533,-32768,-32768,-32768,-32768,-32768,-32768,-32768,-32768,-32768,-32768,-32768,-32768,-32768,-32768,-32768,-32768,-32768,-32768,-32768,-32768,  2705,  2710,-32768,-32768,-32768,-32768,-32768,-32768,-32768,-32768,-32768,-32768,-32768,-32768,-32768,-32768,-32768,-32768,-32768,-32768,-32768,-32768,-32768,  2149,  2157,  2195,  2197,  2226,  2248,  2294,  2451,  2448,  2453,  2447,  2430,  2410,  2393,  2386,  2387,  2388,  2393,  2397,  2400,  2408,  2419,  2423,  2425,  2421,  2416,  2419,  2431,  2441,  2449,  2461,  2475,  2482,  2484,  2491,  2503,  2498,  2478,  2471,  2476,  2488,  2502,  2516,  2533,  2549,  2564,  2572,  2572,  2570,  2567,  2559,  2548,  2542,  2541,  2539,  2535,  2537,  2541,  2548,  2557,  2556,  2545,  2531,  2516,  2506,  2501,  2498,
  2540,  2538,  2534,  2529,  2525,  2530,  2545,  2545,  2531,  2519,  2508,  2504,  2505,  2500,  2490,  2484,  2482,  2485,  2492,  2492,  2483,  2466,  2440,  2418,  2403,  2386,  2369,  2359,  2354,  2344,  2327,  2314,  2304,  2295,  2285,  2272,  2258,  2241,  2219,  2196,  2174,  2152,  2129,  2111,  2095,  2081,  2071,  2053,  2029,  2014,  2010,  2001,  1986,  1971,  1959,  1947,  1938,  1932,  1929,  1931,  1934,  1946,  1970,  1994,  2020,  2046,  2069,  2082,  2089,  2103,  2124,  2146,  2164,  2183,  2194,-32768,-32768,-32768,-32768,-32768,-32768,-32768,  2337,  2359,  2402,  2424,  2426,  2433,  2445,  2442,  2403,  2422,  2480,  2591,  2634,  2647,  2642,  2633,  2632,  2651,  2627,  2625,  2624,  2595,  2600,  2595,  2588,  2578,  2568,  2564,  2561,  2556,  2548,  2542,  2538,  2532,  2522,  2512,  2503,  2494,  2487,  2484,  2486,  2490,  2492,  2487,  2476,  2464,  2450,  2441,  2435,  2427,  2419,  2406,  2389,  2381,  2381,  2376,  2366,  2358,  2351,  2344,  2336,  2327,  2316,  2307,  2303,  2298,  2293,  2282,  2265,  2249,  2236,  2220,  2200,  2182,  2168,  2154,  2139,  2116,  2083,  2036,  2002,-32768,-32768,-32768,-32768,-32768,-32768,-32768,-32768,-32768,-32768,-32768,-32768,-32768,-32768,-32768,-32768,-32768,-32768,-32768,-32768,-32768,-32768,-32768,-32768,-32768,-32768,-32768,-32768,-32768,-32768,-32768,-32768,-32768,-32768,-32768,-32768,-32768,-32768,-32768,-32768,-32768,-32768,-32768,-32768,-32768,-32768,-32768,-32768,-32768,-32768,-32768,-32768,-32768,-32768,  2527,  2534,-32768,-32768,-32768,-32768,-32768,-32768,-32768,-32768,-32768,-32768,-32768,-32768,-32768,-32768,-32768,-32768,-32768,-32768,-32768,-32768,  2496,  2504,  2522,  2538,  2546,  2548,  2555,  2561,  2563,  2561,  2559,-32768,-32768,  2535,-32768,-32768,-32768,-32768,-32768,-32768,-32768,-32768,-32768,-32768,-32768,-32768,-32768,-32768,  2656,  2690,  2692,  2705,  2710,-32768,-32768,-32768,-32768,-32768,-32768,-32768,-32768,-32768,-32768,-32768,-32768,-32768,-32768,-32768,-32768,  2062,  2060,-32768,  2185,  2223,  2199,  2211,  2252,  2315,  2364,  2397,  2440,  2476,  2496,  2504,  2500,  2489,  2472,  2448,  2438,  2443,  2449,  2456,  2462,  2467,  2480,  2497,  2502,  2498,  2493,  2489,  2496,  2513,  2523,  2524,  2531,  2541,  2547,  2551,  2558,  2568,  2562,  2541,  2537,  2553,  2568,  2579,  2591,  2604,  2614,  2623,  2627,  2625,  2621,  2616,  2608,  2597,  2589,  2585,  2582,  2582,  2584,  2587,  2591,  2597,  2594,  2585,  2574,  2561,  2551,  2544,  2541,
  2573,  2568,  2564,  2561,  2559,  2562,  2569,  2571,  2569,  2561,  2546,  2537,  2535,  2530,  2523,  2519,  2517,  2516,  2515,  2512,  2504,  2491,  2471,  2452,  2434,  2412,  2386,  2371,  2365,  2357,  2344,  2335,  2328,  2320,  2312,  2297,  2277,  2256,  2233,  2209,  2186,  2167,  2152,  2139,  2129,  2117,  2105,  2092,  2076,  2063,  2056,  2050,  2044,  2035,  2023,  2014,  2008,  2007,  2011,  2016,  2021,  2030,  2044,  2067,  2101,  2134,  2163,  2178,  2180,  2192,  2217,  2229,  2227,  2235,  2244,-32768,-32768,-32768,-32768,-32768,-32768,-32768,  2344,  2370,  2404,  2429,  2446,  2471,  2495,  2502,-32768,-32768,-32768,  2672,  2679,  2678,  2671,  2664,  2662,  2660,  2656,  2654,  2654,-32768,  2636,  2630,  2622,  2610,  2577,  2580,  2582,  2579,  2571,  2565,  2563,  2556,  2545,  2534,  2522,  2515,  2513,  2514,  2519,  2518,  2511,  2502,  2493,  2480,  2467,  2458,  2453,  2445,  2433,  2421,  2409,  2402,  2398,  2394,  2389,  2383,  2377,  2368,  2358,  2349,  2338,  2329,  2323,  2315,  2305,  2291,  2272,  2262,  2258,  2245,  2221,  2202,  2186,  2172,  2156,  2139,  2117,  2075,  2032,  2030,-32768,-32768,-32768,-32768,-32768,-32768,-32768,-32768,-32768,-32768,-32768,-32768,-32768,-32768,-32768,-32768,-32768,-32768,-32768,-32768,-32768,-32768,-32768,-32768,-32768,-32768,-32768,-32768,-32768,-32768,-32768,-32768,-32768,-32768,-32768,-32768,-32768,-32768,-32768,-32768,-32768,-32768,-32768,-32768,-32768,-32768,-32768,-32768,-32768,-32768,-32768,-32768,-32768,  2568,  2577,  2610,-32768,-32768,-32768,-32768,-32768,-32768,-32768,-32768,-32768,-32768,-32768,-32768,-32768,-32768,-32768,-32768,-32768,-32768,  2527,  2517,  2528,  2546,  2563,  2572,  2577,  2585,  2594,  2603,  2609,  2612,  2640,  2640,  2611,-32768,-32768,-32768,-32768,-32768,-32768,-32768,-32768,-32768,-32768,-32768,-32768,-32768,  2740,  2715,  2707,  2705,  2710,  2712,  2712,-32768,-32768,-32768,-32768,-32768,-32768,-32768,-32768,-32768,-32768,-32768,-32768,-32768,  2155,  2147,  2116,  2098,  2187,  2209,  2261,  2297,  2320,  2354,  2400,  2436,  2461,  2492,  2522,  2545,  2561,  2560,  2550,  2533,  2508,  2496,  2501,  2508,  2516,  2523,  2529,  2541,  2556,  2560,  2554,  2553,  2557,  2565,  2577,  2584,  2585,  2589,  2596,  2602,  2610,  2618,  2627,  2624,  2611,  2614,  2633,  2648,  2654,  2662,  2673,  2676,  2673,  2670,  2665,  2659,  2652,  2646,  2641,  2632,  2621,  2616,  2618,  2621,  2625,  2628,  2630,  2625,  2616,  2608,  2599,  2590,  2582,  2576,
  2604,  2600,  2596,  2593,  2591,  2592,  2593,  2594,  2595,  2588,  2571,  2559,  2553,  2548,  2543,  2540,  2537,  2534,  2531,  2525,  2515,  2504,  2491,  2474,  2453,  2429,  2403,  2386,  2379,  2370,  2358,  2349,  2343,  2336,  2327,  2312,  2291,  2270,  2248,  2226,  2206,  2191,  2180,  2171,  2164,  2154,  2142,  2131,  2120,  2112,  2107,  2106,  2107,  2105,  2099,  2094,  2093,  2097,  2105,  2112,  2118,  2124,  2134,  2156,  2191,  2222,  2249,  2266,  2272,  2286,  2307,  2310,  2297,  2297,  2305,-32768,-32768,-32768,-32768,-32768,-32768,-32768,-32768,  2375,  2416,  2439,  2467,  2506,  2537,  2535,-32768,-32768,  2765,  2733,  2714,  2700,  2691,  2686,  2683,  2681,  2678,  2677,  2676,  2684,  2668,  2664,  2659,  2653,-32768,  2603,  2603,  2599,  2591,  2585,  2580,  2573,  2563,  2553,  2544,  2539,  2540,  2542,  2544,  2538,  2524,  2512,  2503,  2493,  2482,  2475,  2471,  2462,  2448,  2436,  2428,  2422,  2416,  2414,  2415,  2410,  2399,  2386,  2373,  2365,  2358,  2350,  2341,  2328,  2313,  2299,  2284,  2274,  2269,  2256,  2237,  2220,  2205,  2193,  2182,  2168,  2148,  2109,  2068,  2052,-32768,-32768,-32768,-32768,-32768,-32768,-32768,-32768,-32768,-32768,-32768,-32768,-32768,-32768,-32768,-32768,-32768,-32768,-32768,-32768,-32768,-32768,-32768,-32768,-32768,-32768,-32768,-32768,-32768,-32768,-32768,-32768,-32768,-32768,-32768,-32768,-32768,-32768,-32768,-32768,-32768,-32768,-32768,-32768,-32768,-32768,-32768,-32768,-32768,-32768,-32768,-32768,-32768,  2595,  2605,  2617,  2629,-32768,-32768,-32768,-32768,-32768,-32768,-32768,-32768,-32768,-32768,-32768,-32768,-32768,-32768,-32768,-32768,  2530,  2537,  2543,  2560,  2577,  2588,  2596,  2602,  2609,  2618,  2632,  2647,  2656,  2658,  2662,  2665,-32768,-32768,-32768,-32768,-32768,-32768,-32768,-32768,-32768,-32768,-32768,-32768,  2770,  2752,  2744,  2737,  2730,  2721,  2716,  2714,  2716,-32768,-32768,-32768,-32768,-32768,-32768,-32768,-32768,-32768,-32768,-32768,-32768,  2200,  2192,  2185,-32768,  2244,  2280,  2332,  2373,  2402,  2425,  2448,  2471,  2497,  2531,  2565,  2592,  2610,  2613,  2604,  2589,  2570,  2562,  2566,  2569,  2570,  2574,  2580,  2590,  2600,  2605,  2605,  2606,  2611,  2616,  2623,  2628,  2631,  2637,  2647,  2655,  2664,  2672,  2677,  2676,  2669,  2673,  2690,  2703,  2706,  2710,  2716,  2715,  2709,  2702,  2694,  2688,  2683,  2677,  2673,  2664,  2651,  2643,  2643,  2643,  2645,  2647,  2648,  2645,  2638,  2632,  2626,  2620,  2612,  2607,
  2637,  2635,  2632,  2627,  2621,  2617,  2614,  2610,  2607,  2597,  2580,  2567,  2559,  2553,  2550,  2546,  2542,  2540,  2539,  2532,  2518,  2509,  2501,  2484,  2460,  2438,  2418,  2404,  2395,  2384,  2369,  2359,  2352,  2344,  2334,  2321,  2304,  2286,  2267,  2250,  2236,  2224,  2213,  2205,  2200,  2191,  2179,  2169,  2162,  2158,  2158,  2163,  2170,  2175,  2178,  2181,  2185,  2192,  2201,  2209,  2214,  2221,  2231,  2253,  2282,  2306,  2324,  2345,  2369,  2387,  2396,  2393,  2381,  2375,  2379,  2451,  2493,-32768,-32768,-32768,-32768,-32768,-32768,-32768,  2430,  2448,  2477,  2521,  2619,-32768,-32768,-32768,  2767,  2759,  2732,  2715,  2707,  2702,  2701,  2699,  2695,  2692,  2687,  2685,  2687,  2688,  2688,  2686,-32768,  2631,  2624,  2615,  2607,  2599,  2592,  2584,  2578,  2572,  2568,  2567,  2570,  2569,  2564,  2552,  2535,  2521,  2510,  2502,  2497,  2494,  2492,  2483,  2468,  2455,  2448,  2442,  2436,  2438,  2446,  2439,  2418,  2398,  2380,  2373,  2374,  2369,  2357,  2340,  2321,  2308,  2298,  2286,  2269,  2257,  2248,  2237,  2224,  2217,  2216,  2203,  2174,  2137,  2107,  2096,-32768,-32768,-32768,-32768,-32768,-32768,-32768,-32768,-32768,-32768,-32768,-32768,-32768,-32768,-32768,-32768,-32768,-32768,-32768,-32768,-32768,-32768,-32768,-32768,-32768,-32768,-32768,-32768,-32768,-32768,-32768,-32768,-32768,-32768,-32768,-32768,-32768,-32768,-32768,-32768,-32768,-32768,-32768,-32768,-32768,-32768,-32768,-32768,-32768,-32768,-32768,-32768,-32768,  2590,  2612,  2630,  2632,  2632,-32768,-32768,-32768,-32768,-32768,-32768,-32768,-32768,-32768,-32768,-32768,-32768,-32768,-32768,  2532,  2536,  2552,  2572,  2597,  2610,  2611,  2614,  2620,  2627,  2636,  2651,  2673,  2689,  2697,  2707,  2715,-32768,-32768,-32768,-32768,-32768,-32768,-32768,-32768,-32768,-32768,-32768,  2788,  2777,  2772,  2768,  2763,  2752,  2736,  2725,  2721,  2722,  2730,-32768,-32768,-32768,-32768,-32768,-32768,-32768,-32768,-32768,-32768,-32768,  2290,  2282,  2284,  2364,  2349,  2374,  2398,  2424,  2455,  2474,  2489,  2511,  2543,  2581,  2612,  2614,  2654,  2656,  2645,  2637,  2635,  2634,  2636,  2632,  2620,  2618,  2625,  2630,  2634,  2641,  2652,  2656,  2655,  2653,  2655,  2659,  2665,  2676,  2693,  2706,  2714,  2718,  2719,  2717,  2715,  2717,  2724,  2731,  2736,  2736,  2735,  2733,  2728,  2722,  2713,  2708,  2707,  2703,  2696,  2687,  2675,  2664,  2656,  2652,  2650,  2652,  2655,  2655,  2651,  2649,  2647,  2643,  2637,  2635,
  2658,  2655,  2650,  2643,  2633,  2626,  2622,  2618,  2613,  2602,  2586,  2574,  2564,  2557,  2555,  2551,  2545,  2541,  2539,  2533,  2523,  2516,  2512,  2497,  2474,  2456,  2442,  2429,  2413,  2399,  2385,  2374,  2364,  2353,  2340,  2327,  2315,  2303,  2290,  2281,  2273,  2266,  2257,  2249,  2243,  2233,  2219,  2208,  2203,  2204,  2211,  2220,  2232,  2243,  2252,  2260,  2270,  2280,  2288,  2297,  2304,  2312,  2324,  2343,  2368,  2388,  2404,  2426,  2453,  2473,  2483,  2482,  2476,  2472,  2477,  2503,  2539,  2624,  2654,-32768,-32768,-32768,-32768,-32768,-32768,-32768,-32768,-32768,-32768,-32768,-32768,  2724,  2765,  2768,  2743,  2726,  2716,  2711,  2710,  2707,  2699,  2693,  2689,  2687,  2691,  2695,  2697,  2693,  2677,  2654,  2643,  2632,  2622,  2614,  2607,  2602,  2599,  2598,  2595,  2593,  2593,  2588,  2579,  2565,  2548,  2535,  2523,  2516,  2513,  2511,  2508,  2500,  2488,  2477,  2468,  2462,  2455,  2454,  2459,  2450,  2428,  2408,  2392,  2386,  2387,  2381,  2368,  2350,  2329,  2316,  2310,  2298,  2278,  2268,  2267,  2260,  2249,  2248,  2254,  2244,  2214,  2178,  2152,  2144,-32768,-32768,-32768,-32768,-32768,-32768,-32768,-32768,-32768,-32768,-32768,-32768,-32768,-32768,-32768,-32768,-32768,-32768,-32768,-32768,-32768,-32768,-32768,-32768,-32768,-32768,-32768,-32768,-32768,-32768,-32768,-32768,-32768,-32768,-32768,-32768,-32768,-32768,-32768,-32768,-32768,-32768,-32768,-32768,-32768,-32768,-32768,-32768,-32768,-32768,-32768,-32768,-32768,-32768,-32768,  2642,  2637,  2629,-32768,-32768,-32768,-32768,-32768,-32768,-32768,-32768,-32768,-32768,-32768,-32768,-32768,  2589,  2554,  2551,  2571,  2596,  2625,  2639,  2638,  2639,  2645,  2653,  2664,  2680,  2701,  2721,  2738,  2755,  2765,-32768,-32768,-32768,-32768,-32768,-32768,-32768,-32768,-32768,  2796,  2798,  2792,  2787,  2783,  2782,  2781,  2770,  2752,  2736,  2728,  2728,  2730,-32768,-32768,-32768,-32768,-32768,-32768,-32768,-32768,-32768,-32768,-32768,  2336,  2348,  2355,  2384,  2422,  2450,  2461,  2480,  2513,  2532,  2544,  2565,  2598,  2632,  2652,-32768,  2700,  2696,  2681,  2674,  2679,  2684,  2688,  2683,  2668,  2663,  2668,  2670,  2669,  2675,  2688,  2693,  2689,  2686,  2687,  2691,  2698,  2710,  2728,  2741,  2748,  2751,  2750,  2749,  2746,  2745,  2748,  2751,  2753,  2751,  2746,  2741,  2737,  2731,  2721,  2717,  2719,  2716,  2709,  2701,  2691,  2679,  2666,  2659,  2658,  2657,  2658,  2658,  2658,  2660,  2662,  2661,  2656,  2655,
  2665,  2659,  2649,  2639,  2627,  2623,  2625,  2624,  2618,  2606,  2592,  2580,  2569,  2562,  2563,  2559,  2551,  2542,  2534,  2531,  2530,  2528,  2524,  2513,  2497,  2484,  2476,  2461,  2435,  2418,  2408,  2396,  2381,  2363,  2344,  2330,  2323,  2319,  2317,  2318,  2319,  2317,  2311,  2303,  2292,  2278,  2262,  2251,  2247,  2252,  2264,  2278,  2293,  2307,  2320,  2333,  2349,  2361,  2370,  2380,  2390,  2400,  2412,  2428,  2447,  2465,  2483,  2501,  2517,  2537,  2557,  2568,  2572,  2580,  2594,  2611,  2630,  2657,  2684,  2743,  2770,  2785,-32768,-32768,-32768,  2715,-32768,-32768,-32768,-32768,-32768,  2733,  2757,  2770,  2748,  2734,  2721,  2715,  2716,  2710,  2696,  2690,  2689,  2689,  2690,  2692,  2693,  2687,  2677,  2668,  2660,  2650,  2637,  2630,  2626,  2625,  2626,  2626,  2623,  2617,  2609,  2600,  2590,  2578,  2566,  2554,  2541,  2534,  2531,  2527,  2519,  2512,  2508,  2501,  2490,  2480,  2471,  2464,  2455,  2444,  2431,  2419,  2411,  2405,  2397,  2387,  2375,  2358,  2339,  2327,  2323,  2315,  2301,  2295,  2295,  2291,  2283,  2285,  2295,  2288,  2260,  2223,  2197,  2188,-32768,-32768,-32768,-32768,-32768,-32768,-32768,-32768,-32768,-32768,-32768,-32768,-32768,-32768,-32768,-32768,-32768,-32768,-32768,-32768,-32768,-32768,-32768,-32768,-32768,-32768,-32768,-32768,-32768,-32768,-32768,-32768,-32768,-32768,-32768,-32768,-32768,-32768,-32768,-32768,-32768,-32768,-32768,-32768,-32768,-32768,-32768,-32768,-32768,-32768,-32768,-32768,-32768,-32768,-32768,  2649,  2638,  2620,  2604,-32768,-32768,-32768,-32768,-32768,-32768,-32768,-32768,-32768,  2643,  2635,  2625,  2603,  2595,  2591,  2597,  2617,  2647,  2666,  2672,  2677,  2680,  2690,  2704,  2718,  2734,  2754,  2779,  2798,  2808,  2833,-32768,-32768,-32768,-32768,-32768,-32768,-32768,  2794,  2798,  2800,  2799,  2794,  2788,  2788,  2790,  2781,  2765,  2747,  2735,  2733,  2738,-32768,  2818,  2824,-32768,-32768,-32768,-32768,-32768,-32768,-32768,-32768,-32768,  2397,  2393,  2420,  2465,  2500,  2515,  2538,  2576,  2599,  2609,  2627,  2653,  2675,  2670,-32768,  2737,  2728,  2710,  2702,  2706,  2713,  2722,  2722,  2713,  2710,  2709,  2707,  2704,  2707,  2718,  2721,  2715,  2713,  2717,  2722,  2728,  2738,  2753,  2763,  2767,  2769,  2771,  2769,  2761,  2758,  2763,  2764,  2760,  2755,  2749,  2743,  2737,  2732,  2724,  2720,  2723,  2722,  2716,  2710,  2703,  2691,  2676,  2670,  2670,  2667,  2660,  2656,  2656,  2661,  2668,  2671,  2666,  2664,
  2668,  2660,  2649,  2639,  2628,  2625,  2628,  2628,  2622,  2611,  2597,  2586,  2575,  2569,  2570,  2568,  2561,  2551,  2541,  2538,  2540,  2539,  2534,  2525,  2514,  2505,  2501,  2486,  2458,  2439,  2430,  2417,  2400,  2382,  2361,  2348,  2342,  2340,  2341,  2348,  2358,  2360,  2354,  2345,  2334,  2321,  2305,  2296,  2294,  2301,  2313,  2325,  2339,  2355,  2376,  2395,  2414,  2429,  2440,  2452,  2464,  2475,  2487,  2503,  2520,  2535,  2550,  2564,  2576,  2595,  2619,  2637,  2651,  2668,  2687,  2703,  2711,  2724,  2745,  2768,  2790,  2801,  2808,  2781,  2750,  2730,  2762,-32768,-32768,-32768,-32768,  2733,  2753,-32768,-32768,  2737,  2723,  2718,  2719,  2713,  2700,  2692,  2689,  2686,  2684,  2682,  2677,  2672,  2668,  2664,  2660,  2653,  2644,  2640,  2641,  2643,  2644,  2643,  2640,  2632,  2620,  2610,  2602,  2593,  2584,  2574,  2562,  2555,  2552,  2544,  2532,  2524,  2521,  2517,  2508,  2498,  2487,  2475,  2461,  2448,  2437,  2429,  2426,  2421,  2409,  2398,  2385,  2369,  2352,  2343,  2342,  2337,  2327,  2323,  2324,  2321,  2316,  2321,  2332,  2330,  2308,  2269,  2240,  2208,-32768,-32768,-32768,-32768,-32768,-32768,-32768,-32768,-32768,-32768,-32768,-32768,-32768,-32768,-32768,-32768,-32768,-32768,-32768,-32768,-32768,-32768,-32768,-32768,-32768,-32768,-32768,-32768,-32768,-32768,-32768,-32768,-32768,-32768,-32768,-32768,-32768,-32768,-32768,-32768,-32768,-32768,-32768,-32768,-32768,-32768,-32768,-32768,-32768,-32768,-32768,-32768,-32768,-32768,-32768,  2651,  2637,  2607,  2599,-32768,-32768,-32768,-32768,-32768,-32768,-32768,-32768,  2621,  2643,  2637,  2629,  2624,  2622,  2621,  2621,  2636,  2664,  2684,  2698,  2705,  2707,  2718,  2739,  2754,  2766,  2785,  2810,  2827,  2836,  2842,-32768,-32768,-32768,-32768,-32768,-32768,  2776,  2789,  2797,  2802,  2804,  2800,  2795,  2792,  2787,  2779,  2769,  2758,  2751,  2753,  2763,  2805,  2826,  2835,-32768,-32768,-32768,-32768,-32768,-32768,-32768,-32768,-32768,-32768,  2410,  2465,  2506,  2544,  2566,  2592,  2629,  2651,  2661,  2676,  2693,  2707,-32768,  2758,  2751,  2743,  2733,  2731,  2739,  2747,  2753,  2754,  2750,  2748,  2747,  2744,  2741,  2743,  2751,  2753,  2747,  2745,  2748,  2752,  2756,  2762,  2773,  2781,  2784,  2785,  2787,  2785,  2776,  2771,  2773,  2772,  2767,  2761,  2756,  2749,  2742,  2736,  2728,  2722,  2723,  2724,  2725,  2723,  2715,  2704,  2691,  2684,  2682,  2677,  2667,  2659,  2654,  2657,  2667,  2673,  2673,  2671,
  2673,  2664,  2657,  2648,  2641,  2636,  2631,  2628,  2624,  2614,  2600,  2589,  2581,  2576,  2576,  2576,  2574,  2567,  2559,  2554,  2552,  2548,  2540,  2531,  2522,  2516,  2514,  2503,  2481,  2463,  2451,  2437,  2422,  2407,  2392,  2380,  2371,  2365,  2360,  2369,  2389,  2393,  2383,  2375,  2368,  2359,  2346,  2339,  2341,  2347,  2354,  2360,  2366,  2384,  2417,  2444,  2463,  2481,  2499,  2514,  2523,  2534,  2548,  2566,  2587,  2601,  2607,  2617,  2630,  2648,  2668,  2687,  2708,  2728,  2748,  2764,  2774,  2787,  2804,  2818,  2829,  2829,  2814,  2785,  2756,  2753,  2772,  2799,-32768,-32768,-32768,-32768,-32768,-32768,-32768,-32768,  2722,  2720,  2718,  2714,  2707,  2697,  2686,  2678,  2673,  2663,  2649,  2642,  2644,  2643,  2638,  2636,  2639,  2643,  2650,  2654,  2651,  2648,  2644,  2636,  2626,  2618,  2614,  2609,  2601,  2593,  2585,  2579,  2575,  2564,  2547,  2534,  2527,  2524,  2524,  2515,  2501,  2489,  2477,  2462,  2446,  2437,  2438,  2435,  2425,  2413,  2400,  2386,  2371,  2364,  2365,  2363,  2355,  2351,  2352,  2350,  2348,  2355,  2366,  2371,  2364,  2323,  2285,-32768,-32768,-32768,-32768,-32768,-32768,-32768,-32768,-32768,-32768,-32768,-32768,-32768,-32768,-32768,-32768,-32768,-32768,-32768,-32768,-32768,-32768,-32768,-32768,-32768,-32768,-32768,-32768,-32768,-32768,-32768,-32768,-32768,-32768,-32768,-32768,-32768,-32768,-32768,-32768,-32768,-32768,-32768,-32768,-32768,-32768,-32768,-32768,-32768,-32768,-32768,-32768,-32768,-32768,-32768,-32768,-32768,-32768,  2600,  2590,-32768,-32768,-32768,-32768,-32768,-32768,  2614,  2621,  2637,  2642,  2641,  2639,  2637,  2635,  2635,  2640,  2653,  2674,  2692,  2709,  2718,  2720,  2734,  2763,  2783,  2794,  2809,  2827,  2841,  2849,  2857,  2870,-32768,-32768,-32768,-32768,-32768,  2772,  2780,  2794,  2803,  2807,  2806,  2804,  2794,  2773,  2763,  2765,  2768,  2776,  2786,  2797,  2820,  2848,  2859,-32768,-32768,-32768,-32768,-32768,-32768,-32768,-32768,-32768,-32768,-32768,  2523,  2549,  2587,  2617,  2643,  2670,  2687,  2699,  2710,  2717,  2728,  2754,  2757,  2746,  2743,  2752,  2765,  2781,  2787,  2783,  2780,  2778,  2779,  2780,  2779,  2778,  2781,  2786,  2788,  2786,  2783,  2783,  2783,  2782,  2784,  2790,  2795,  2799,  2800,  2800,  2798,  2792,  2786,  2781,  2778,  2777,  2774,  2770,  2764,  2755,  2747,  2736,  2727,  2723,  2726,  2738,  2739,  2729,  2718,  2710,  2701,  2690,  2682,  2676,  2665,  2652,  2650,  2661,  2670,  2677,  2679,
  2676,  2671,  2666,  2661,  2658,  2655,  2648,  2647,  2650,  2641,  2620,  2604,  2595,  2588,  2586,  2585,  2584,  2578,  2569,  2563,  2558,  2553,  2547,  2537,  2527,  2521,  2520,  2512,  2497,  2484,  2470,  2457,  2443,  2430,  2418,  2407,  2398,  2390,  2382,  2389,  2408,  2412,  2403,  2398,  2396,  2389,  2380,  2378,  2384,  2391,  2394,  2397,  2402,  2421,  2459,  2490,  2510,  2530,  2551,  2565,  2574,  2586,  2602,  2620,  2639,  2652,  2659,  2667,  2678,  2693,  2709,  2729,  2753,  2772,  2785,  2798,  2809,  2822,  2835,  2844,  2848,  2842,  2822,  2795,  2772,  2771,  2790,  2806,  2822,  2803,  2757,  2725,  2730,-32768,-32768,-32768,  2716,  2718,  2720,  2719,  2714,  2702,  2686,  2673,  2660,  2639,  2614,  2602,  2605,  2611,  2618,  2625,  2630,  2637,  2644,  2647,  2644,  2644,  2644,  2640,  2632,  2628,  2628,  2626,  2619,  2613,  2608,  2601,  2593,  2579,  2563,  2549,  2537,  2533,  2533,  2526,  2515,  2505,  2495,  2483,  2468,  2461,  2462,  2459,  2452,  2440,  2426,  2411,  2399,  2394,  2397,  2396,  2392,  2391,  2393,  2391,  2387,  2393,  2405,  2416,  2420,  2384,  2341,  2361,-32768,-32768,-32768,-32768,-32768,-32768,-32768,-32768,-32768,-32768,-32768,-32768,-32768,-32768,-32768,-32768,-32768,-32768,-32768,-32768,-32768,-32768,-32768,-32768,-32768,-32768,-32768,-32768,-32768,-32768,-32768,-32768,-32768,-32768,-32768,-32768,-32768,-32768,-32768,-32768,-32768,-32768,-32768,-32768,-32768,-32768,-32768,-32768,-32768,-32768,-32768,-32768,-32768,-32768,-32768,-32768,-32768,-32768,  2585,  2597,-32768,-32768,  2587,  2588,  2598,  2612,  2623,  2637,  2651,  2656,  2655,  2653,  2650,  2652,  2659,  2670,  2682,  2698,  2715,  2727,  2731,  2746,  2776,  2799,  2811,  2824,  2839,  2850,  2857,  2867,  2874,-32768,-32768,-32768,-32768,-32768,  2775,  2782,  2796,  2806,  2813,  2817,  2817,  2805,  2779,  2767,  2771,  2780,  2797,  2813,  2823,  2843,  2867,  2876,  2853,-32768,  2794,-32768,-32768,-32768,-32768,-32768,-32768,-32768,-32768,  2563,  2580,  2618,  2653,  2678,  2698,  2712,  2723,  2733,  2738,  2745,  2752,  2751,  2744,  2747,  2765,  2786,  2806,  2812,  2806,  2803,  2802,  2804,  2806,  2806,  2805,  2805,  2807,  2808,  2807,  2804,  2800,  2796,  2791,  2793,  2800,  2806,  2809,  2809,  2810,  2811,  2808,  2803,  2795,  2789,  2787,  2784,  2780,  2774,  2767,  2759,  2747,  2736,  2730,  2732,  2744,  2746,  2733,  2725,  2726,  2717,  2696,  2686,  2685,  2677,  2660,  2654,  2658,  2665,  2676,  2681,
  2681,  2679,  2678,  2677,  2680,  2682,  2678,  2684,  2698,  2688,  2656,  2630,  2617,  2608,  2602,  2597,  2589,  2581,  2571,  2564,  2559,  2558,  2557,  2547,  2532,  2523,  2520,  2516,  2510,  2502,  2490,  2478,  2465,  2453,  2441,  2431,  2425,  2418,  2409,  2410,  2418,  2420,  2417,  2418,  2420,  2417,  2411,  2414,  2427,  2434,  2433,  2437,  2446,  2466,  2501,  2531,  2551,  2571,  2590,  2603,  2613,  2628,  2646,  2660,  2671,  2684,  2698,  2709,  2718,  2730,  2744,  2762,  2787,  2800,  2802,  2808,  2817,  2826,  2834,  2840,  2841,  2835,  2820,  2802,  2788,  2788,  2800,  2815,  2826,  2802,  2748,  2712,  2706,-32768,-32768,-32768,  2709,  2715,  2724,  2727,  2721,  2710,  2694,  2676,  2651,  2617,  2581,  2562,  2561,  2577,  2605,  2620,  2618,  2616,  2617,  2617,  2618,  2626,  2637,  2641,  2641,  2641,  2644,  2642,  2636,  2633,  2631,  2622,  2606,  2591,  2579,  2567,  2553,  2545,  2541,  2534,  2530,  2526,  2519,  2512,  2503,  2499,  2497,  2494,  2488,  2477,  2461,  2445,  2434,  2431,  2432,  2435,  2436,  2440,  2449,  2447,  2434,  2438,  2452,  2469,  2483,  2461,  2427,  2415,-32768,-32768,-32768,-32768,-32768,-32768,-32768,-32768,-32768,-32768,-32768,-32768,-32768,-32768,-32768,-32768,-32768,-32768,-32768,-32768,-32768,-32768,-32768,-32768,-32768,-32768,-32768,-32768,-32768,-32768,-32768,-32768,-32768,-32768,-32768,-32768,-32768,-32768,-32768,-32768,-32768,-32768,-32768,-32768,-32768,-32768,-32768,-32768,-32768,-32768,-32768,-32768,-32768,-32768,-32768,-32768,-32768,-32768,-32768,  2607,  2613,  2605,  2591,  2589,  2598,  2611,  2629,  2653,  2674,  2681,  2675,  2670,  2668,  2670,  2678,  2685,  2690,  2701,  2717,  2731,  2743,  2758,  2782,  2803,  2818,  2833,  2848,  2858,  2864,  2874,  2883,-32768,-32768,-32768,-32768,-32768,  2789,  2795,  2806,  2816,  2824,  2830,  2834,  2826,  2806,  2792,  2785,  2792,  2812,  2827,  2838,  2855,  2874,  2881,  2881,-32768,  2844,  2822,-32768,-32768,-32768,-32768,-32768,-32768,-32768,  2585,  2600,  2638,  2676,  2700,  2717,  2727,  2736,  2749,  2760,  2759,  2748,  2744,  2749,  2758,  2775,  2794,  2813,  2821,  2819,  2819,  2822,  2826,  2828,  2826,  2821,  2817,  2814,  2812,  2810,  2806,  2800,  2793,  2787,  2792,  2808,  2816,  2816,  2817,  2820,  2824,  2825,  2823,  2815,  2807,  2798,  2789,  2783,  2778,  2775,  2768,  2755,  2745,  2739,  2738,  2741,  2738,  2724,  2724,  2740,  2733,  2706,  2694,  2699,  2696,  2681,  2670,  2663,  2663,  2675,  2682,
  2699,  2698,  2692,  2693,  2703,  2709,  2708,  2715,  2727,  2714,  2681,  2655,  2641,  2629,  2619,  2609,  2600,  2592,  2583,  2575,  2573,  2573,  2573,  2562,  2544,  2533,  2529,  2527,  2528,  2524,  2515,  2505,  2494,  2483,  2474,  2466,  2460,  2454,  2446,  2442,  2443,  2441,  2441,  2444,  2449,  2449,  2446,  2449,  2459,  2467,  2470,  2478,  2493,  2510,  2535,  2561,  2584,  2606,  2623,  2633,  2641,  2654,  2670,  2681,  2686,  2699,  2719,  2732,  2738,  2748,  2762,  2777,  2793,  2802,  2804,  2807,  2813,  2818,  2820,  2823,  2825,  2820,  2808,  2796,  2789,  2792,  2802,  2808,  2805,  2777,  2726,  2697,  2702,  2728,  2742,-32768,  2718,  2725,  2737,  2739,  2735,  2724,  2707,  2686,  2660,  2607,  2566,  2545,  2541,  2561,  2599,  2618,  2603,  2593,  2584,  2579,  2582,  2598,  2620,  2637,  2649,  2657,  2662,  2661,  2656,  2654,  2652,  2641,  2622,  2606,  2597,  2587,  2575,  2567,  2563,  2557,  2555,  2553,  2549,  2545,  2540,  2536,  2530,  2526,  2523,  2514,  2499,  2485,  2476,  2473,  2473,  2475,  2477,  2484,  2498,  2501,  2494,  2495,  2501,  2514,  2531,  2521,  2506,  2498,  2530,-32768,-32768,-32768,-32768,-32768,-32768,-32768,-32768,-32768,-32768,-32768,-32768,-32768,-32768,-32768,-32768,-32768,-32768,-32768,-32768,-32768,-32768,-32768,-32768,-32768,-32768,-32768,-32768,-32768,-32768,-32768,-32768,-32768,-32768,-32768,-32768,-32768,-32768,-32768,-32768,-32768,-32768,-32768,-32768,-32768,-32768,-32768,-32768,-32768,-32768,-32768,-32768,-32768,-32768,-32768,-32768,-32768,-32768,  2616,  2628,  2622,  2613,  2591,  2598,  2611,  2634,  2682,  2700,  2705,  2697,  2692,  2692,  2695,  2701,  2705,  2707,  2715,  2727,  2741,  2754,  2771,  2792,  2812,  2829,  2844,  2858,  2869,  2877,  2886,  2896,  2907,-32768,-32768,-32768,-32768,  2805,  2808,  2816,  2824,  2832,  2839,  2846,  2842,  2829,  2816,  2807,  2813,  2830,  2842,  2847,  2859,  2875,  2881,  2879,  2860,  2835,  2819,  2804,-32768,-32768,-32768,-32768,-32768,-32768,  2605,  2619,  2654,  2692,  2717,  2732,  2739,  2745,  2757,  2769,  2765,  2748,  2744,  2755,  2767,  2781,  2798,  2817,  2827,  2829,  2831,  2834,  2838,  2841,  2839,  2835,  2830,  2824,  2817,  2809,  2804,  2801,  2797,  2795,  2803,  2821,  2830,  2831,  2832,  2835,  2837,  2840,  2839,  2831,  2822,  2811,  2800,  2792,  2787,  2784,  2780,  2770,  2763,  2759,  2755,  2752,  2745,  2731,  2729,  2740,  2735,  2715,  2708,  2715,  2714,  2702,  2691,  2679,  2676,  2686,  2695,
  2732,  2727,  2709,  2708,  2723,  2734,  2734,  2735,  2735,  2722,  2699,  2682,  2672,  2657,  2637,  2624,  2619,  2613,  2603,  2597,  2597,  2597,  2593,  2581,  2565,  2554,  2549,  2549,  2554,  2553,  2546,  2538,  2530,  2522,  2517,  2511,  2503,  2497,  2492,  2488,  2485,  2481,  2478,  2479,  2482,  2484,  2483,  2483,  2485,  2495,  2509,  2527,  2546,  2558,  2567,  2587,  2616,  2640,  2656,  2664,  2668,  2675,  2685,  2691,  2693,  2706,  2727,  2739,  2742,  2753,  2770,  2778,  2780,  2787,  2797,  2804,  2804,  2804,  2802,  2804,  2811,  2806,  2791,  2780,  2775,  2780,  2794,  2788,  2759,  2730,  2707,  2704,  2727,  2751,  2758,-32768,  2728,  2754,  2758,  2750,  2745,  2737,  2718,  2701,  2688,-32768,-32768,-32768,-32768,-32768,-32768,-32768,  2597,  2584,  2569,  2561,  2565,  2583,  2602,  2626,  2654,  2671,  2679,  2681,  2678,  2675,  2670,  2659,  2644,  2629,  2617,  2609,  2601,  2597,  2596,  2592,  2589,  2586,  2583,  2581,  2577,  2571,  2562,  2556,  2554,  2549,  2539,  2530,  2524,  2522,  2520,  2518,  2517,  2524,  2541,  2554,  2563,  2563,  2550,  2550,  2560,  2561,  2568,  2567,  2571,  2635,-32768,-32768,-32768,-32768,-32768,-32768,-32768,-32768,-32768,-32768,-32768,-32768,-32768,-32768,-32768,-32768,-32768,-32768,-32768,-32768,-32768,-32768,-32768,-32768,-32768,-32768,-32768,-32768,-32768,-32768,-32768,-32768,-32768,-32768,-32768,-32768,-32768,-32768,-32768,-32768,-32768,-32768,-32768,-32768,-32768,-32768,-32768,-32768,-32768,-32768,-32768,-32768,-32768,-32768,-32768,-32768,-32768,-32768,  2647,  2646,  2644,-32768,-32768,-32768,-32768,  2722,  2729,  2729,  2721,  2720,  2726,  2730,  2731,  2733,  2735,  2741,  2750,  2758,  2766,  2782,  2807,  2828,  2844,  2858,  2869,  2880,  2893,  2902,  2905,  2906,-32768,-32768,-32768,  2831,  2820,  2819,  2823,  2829,  2838,  2846,  2855,  2855,  2846,  2840,  2837,  2843,  2856,  2859,  2854,  2859,  2874,  2877,  2868,  2853,  2832,  2814,  2800,  2778,  2763,-32768,-32768,  2606,  2613,  2620,  2635,  2665,  2703,  2731,  2748,  2754,  2757,  2765,  2770,  2765,  2754,  2752,  2762,  2773,  2783,  2798,  2819,  2832,  2837,  2840,  2841,  2843,  2845,  2845,  2847,  2845,  2838,  2826,  2809,  2802,  2805,  2809,  2815,  2826,  2840,  2849,  2854,  2857,  2854,  2854,  2857,  2855,  2847,  2839,  2829,  2817,  2808,  2801,  2796,  2794,  2793,  2793,  2793,  2789,  2781,  2772,  2759,  2746,  2731,  2725,  2726,  2727,  2732,  2732,  2724,  2716,  2707,  2704,  2710,  2721,
  2754,  2750,  2730,  2727,  2739,  2749,  2751,  2748,  2742,  2731,  2719,  2711,  2703,  2686,  2662,  2646,  2641,  2637,  2629,  2623,  2621,  2620,  2617,  2608,  2596,  2586,  2578,  2575,  2578,  2578,  2574,  2569,  2563,  2558,  2557,  2553,  2545,  2541,  2538,  2533,  2528,  2520,  2516,  2516,  2518,  2519,  2516,  2513,  2513,  2526,  2552,  2575,  2594,  2603,  2606,  2619,  2640,  2656,  2668,  2676,  2684,  2691,  2699,  2706,  2711,  2722,  2738,  2747,  2750,  2757,  2767,  2770,  2766,  2772,  2787,  2796,  2797,  2797,  2796,  2796,  2798,  2792,  2776,  2766,  2762,  2765,  2774,  2760,  2723,  2702,  2704,  2722,  2761,  2796,  2815,  2866,-32768,  2803,  2791,  2760,  2734,  2724,  2714,  2706,  2703,-32768,-32768,-32768,  2612,-32768,-32768,-32768,-32768,-32768,-32768,-32768,-32768,-32768,  2595,  2633,  2661,  2680,  2690,  2693,  2693,  2691,  2687,  2679,  2668,  2655,  2642,  2633,  2628,  2629,  2633,  2634,  2633,  2627,  2621,  2617,  2612,  2605,  2594,  2588,  2586,  2584,  2578,  2573,  2571,  2569,  2566,  2561,  2558,  2564,  2577,  2594,  2613,  2616,  2601,  2601,  2614,  2625,  2642,  2651,  2662,  2684,  2743,-32768,-32768,-32768,-32768,-32768,-32768,-32768,-32768,-32768,-32768,-32768,-32768,-32768,-32768,-32768,-32768,-32768,-32768,-32768,-32768,-32768,-32768,-32768,-32768,-32768,-32768,-32768,-32768,-32768,-32768,-32768,-32768,-32768,-32768,-32768,-32768,-32768,-32768,-32768,-32768,-32768,-32768,-32768,-32768,-32768,-32768,-32768,-32768,-32768,-32768,-32768,-32768,-32768,-32768,-32768,-32768,-32768,-32768,-32768,-32768,-32768,-32768,-32768,  2747,  2746,  2746,  2746,  2742,  2745,  2755,  2760,  2760,  2761,  2764,  2770,  2776,  2779,  2782,  2795,  2819,  2839,  2855,  2867,  2874,  2885,  2899,  2907,  2906,  2904,  2902,-32768,-32768,  2837,  2827,  2830,  2833,  2839,  2846,  2855,  2865,  2868,  2863,  2861,  2861,  2864,  2870,  2870,  2864,  2867,  2879,  2880,  2869,  2847,  2821,  2807,  2789,  2767,  2743,  2683,  2641,  2615,  2624,  2640,  2658,  2684,  2716,  2742,  2760,  2766,  2766,  2773,  2777,  2773,  2765,  2765,  2776,  2784,  2783,  2797,  2827,  2839,  2845,  2846,  2846,  2846,  2847,  2852,  2861,  2860,  2849,  2833,  2813,  2807,  2814,  2819,  2824,  2835,  2852,  2865,  2874,  2879,  2875,  2874,  2876,  2874,  2868,  2862,  2853,  2840,  2827,  2816,  2812,  2813,  2816,  2821,  2825,  2821,  2809,  2796,  2787,  2771,  2747,  2733,  2731,  2732,  2741,  2745,  2740,  2738,  2734,  2730,  2731,  2740,
  2761,  2762,  2754,  2749,  2749,  2753,  2756,  2753,  2747,  2741,  2737,  2733,  2725,  2707,  2685,  2669,  2663,  2661,  2658,  2650,  2639,  2637,  2643,  2640,  2629,  2618,  2605,  2596,  2592,  2592,  2595,  2594,  2588,  2585,  2584,  2582,  2577,  2574,  2573,  2568,  2561,  2553,  2549,  2549,  2552,  2550,  2539,  2533,  2534,  2553,  2590,  2616,  2629,  2637,  2643,  2649,  2651,  2653,  2656,  2667,  2686,  2700,  2710,  2723,  2738,  2748,  2752,  2757,  2762,  2762,  2757,  2752,  2752,  2758,  2771,  2782,  2789,  2794,  2801,  2798,  2787,  2776,  2765,  2759,  2759,  2757,  2755,  2740,  2712,  2705,  2723,  2754,  2798,  2842,  2874,  2892,  2909,  2860,  2835,  2776,  2716,  2695,  2722,  2711,-32768,-32768,-32768,-32768,-32768,-32768,-32768,-32768,-32768,-32768,-32768,-32768,-32768,-32768,-32768,  2635,  2667,  2686,  2691,  2695,  2698,  2701,  2703,  2700,  2692,  2681,  2669,  2661,  2659,  2664,  2672,  2679,  2683,  2675,  2661,  2652,  2644,  2636,  2627,  2621,  2620,  2619,  2613,  2610,  2611,  2610,  2608,  2603,  2602,  2604,  2606,  2618,  2638,  2649,  2648,  2658,  2680,  2695,  2708,  2727,  2756,  2773,  2773,-32768,-32768,-32768,-32768,-32768,-32768,-32768,-32768,-32768,-32768,-32768,-32768,-32768,-32768,-32768,-32768,-32768,-32768,-32768,-32768,-32768,-32768,-32768,-32768,-32768,-32768,-32768,-32768,-32768,-32768,-32768,-32768,-32768,-32768,-32768,-32768,-32768,-32768,-32768,-32768,-32768,-32768,-32768,-32768,-32768,-32768,-32768,-32768,-32768,-32768,-32768,-32768,-32768,-32768,-32768,-32768,-32768,-32768,-32768,-32768,-32768,-32768,-32768,  2749,  2750,  2753,  2757,  2760,  2766,  2776,  2783,  2787,  2790,  2794,  2799,  2804,  2805,  2802,  2810,  2829,  2847,  2861,  2870,  2875,  2884,  2896,  2904,  2904,  2899,  2894,-32768,  2855,  2849,-32768,  2844,  2847,  2854,  2860,  2867,  2877,  2880,  2878,  2876,  2874,  2873,  2872,  2873,  2878,  2884,  2891,  2889,  2881,-32768,  2812,  2794,  2773,  2745,  2709,  2672,  2644,  2635,  2646,  2666,  2689,  2711,  2731,  2748,  2762,  2766,  2768,  2778,  2788,  2788,  2782,  2786,  2800,  2809,-32768,-32768,  2844,  2849,  2852,  2851,  2849,  2849,  2851,  2860,  2877,  2877,  2858,  2839,  2822,  2818,  2827,  2828,  2823,  2833,  2857,  2875,  2890,  2898,  2896,  2895,  2896,  2895,  2890,  2885,  2878,  2863,  2844,  2832,  2833,  2835,  2836,  2843,  2849,  2843,  2826,  2812,  2807,  2797,  2779,  2756,  2728,  2722,  2743,  2754,  2751,  2753,  2756,  2749,  2741,  2746,
  2763,  2766,  2760,  2755,  2751,  2753,  2757,  2754,  2750,  2747,  2745,  2741,  2730,  2713,  2694,  2681,  2676,  2674,  2668,  2658,  2649,  2647,  2654,  2655,  2648,  2636,  2620,  2607,  2602,  2601,  2605,  2607,  2603,  2601,  2604,  2605,  2601,  2599,  2596,  2589,  2582,  2576,  2574,  2575,  2577,  2572,  2558,  2553,  2557,  2578,  2614,  2639,  2652,  2661,  2667,  2670,  2665,  2660,  2660,  2669,  2689,  2703,  2712,  2728,  2749,  2759,  2757,  2760,  2767,  2762,  2748,  2741,  2744,  2750,  2758,  2772,  2784,  2791,  2796,  2793,  2780,  2771,  2763,  2760,  2763,  2761,  2755,  2747,  2737,  2743,  2766,  2799,  2837,  2876,  2908,  2925,  2914,  2890,  2855,  2780,  2706,  2682,-32768,-32768,-32768,-32768,-32768,-32768,-32768,-32768,-32768,-32768,-32768,-32768,-32768,-32768,-32768,-32768,-32768,-32768,-32768,  2688,  2689,  2693,  2699,  2708,  2718,  2722,  2718,  2709,  2697,  2688,  2684,  2690,  2703,  2713,  2718,  2711,  2697,  2686,  2677,  2668,  2659,  2653,  2652,  2652,  2648,  2645,  2646,  2646,  2644,  2640,  2642,  2645,  2645,  2656,  2675,  2691,  2702,  2719,  2742,  2759,  2774,  2796,  2825,  2835,  2826,  2850,-32768,-32768,-32768,-32768,-32768,-32768,-32768,-32768,-32768,-32768,-32768,-32768,-32768,-32768,-32768,-32768,-32768,-32768,-32768,-32768,-32768,-32768,-32768,-32768,-32768,-32768,-32768,-32768,-32768,-32768,-32768,-32768,-32768,-32768,-32768,-32768,-32768,-32768,-32768,-32768,-32768,-32768,-32768,-32768,-32768,-32768,-32768,-32768,-32768,-32768,-32768,-32768,-32768,-32768,-32768,-32768,-32768,-32768,-32768,-32768,-32768,  2735,  2746,  2748,  2756,  2765,  2774,  2785,  2798,  2808,  2815,  2820,  2823,  2827,  2830,  2829,  2825,  2829,  2842,  2857,  2869,  2875,  2879,  2885,  2894,  2899,  2898,  2893,  2883,  2871,  2860,  2858,-32768,  2856,  2860,  2867,  2874,  2880,  2887,  2888,  2885,  2883,  2881,  2881,  2880,  2883,  2890,  2895,  2896,  2892,  2884,  2867,  2810,  2787,  2761,  2726,  2690,  2663,  2651,  2650,  2658,  2679,  2708,  2730,  2742,  2751,  2760,  2765,  2772,  2783,  2793,  2795,  2794,  2804,  2826,  2838,-32768,-32768,  2851,  2854,  2853,  2851,  2850,  2851,  2856,  2869,  2889,  2893,  2879,  2863,  2849,  2844,  2848,  2845,  2835,  2844,  2871,  2891,  2904,  2912,  2914,  2913,  2914,  2915,  2913,  2910,  2901,  2884,  2861,  2848,  2849,  2849,  2849,  2855,  2861,  2856,  2837,  2825,  2824,  2817,  2798,  2772,  2738,  2728,  2747,  2757,  2754,  2758,  2764,  2757,  2746,  2749,
  2759,  2758,  2748,  2744,  2747,  2752,  2754,  2751,  2747,  2744,  2741,  2733,  2719,  2702,  2687,  2679,  2678,  2671,  2656,  2647,  2649,  2650,  2651,  2651,  2650,  2640,  2622,  2609,  2604,  2602,  2603,  2604,  2604,  2606,  2615,  2620,  2618,  2615,  2609,  2599,  2591,  2588,  2591,  2592,  2591,  2586,  2575,  2574,  2585,  2603,  2628,  2651,  2668,  2678,  2683,  2686,  2683,  2681,  2680,  2685,  2694,  2701,  2704,  2720,  2746,  2759,  2758,  2760,  2765,  2760,  2743,  2736,  2743,  2747,  2751,  2765,  2783,  2786,  2780,  2777,  2776,  2773,  2767,  2768,  2772,  2770,  2766,  2770,  2782,  2796,  2811,  2832,  2858,  2886,  2915,  2927,  2914,  2886,  2841,  2767,  2706,  2689,  2695,-32768,-32768,-32768,-32768,-32768,-32768,-32768,-32768,-32768,-32768,-32768,-32768,-32768,-32768,-32768,-32768,-32768,-32768,-32768,  2689,  2693,  2700,  2711,  2734,  2743,  2744,  2738,  2726,  2714,  2704,  2708,  2722,  2732,  2735,  2731,  2723,  2716,  2706,  2697,  2688,  2683,  2684,  2686,  2683,  2681,  2678,  2676,  2673,  2672,  2679,  2686,  2692,  2704,  2720,  2739,  2760,  2780,  2798,  2817,  2837,  2855,  2867,  2871,  2865,  2867,  2896,  2890,-32768,-32768,-32768,-32768,-32768,-32768,-32768,-32768,-32768,-32768,-32768,  2921,  2928,  2943,  2955,-32768,-32768,-32768,-32768,-32768,-32768,-32768,-32768,-32768,-32768,-32768,-32768,-32768,-32768,-32768,-32768,-32768,-32768,-32768,-32768,-32768,-32768,-32768,-32768,-32768,-32768,-32768,-32768,-32768,-32768,-32768,-32768,-32768,-32768,-32768,-32768,-32768,-32768,-32768,-32768,-32768,-32768,-32768,-32768,  2736,  2735,  2742,  2757,  2770,  2784,  2800,  2818,  2832,  2841,  2847,  2850,  2851,  2850,  2848,  2846,  2848,  2855,  2864,  2874,  2880,  2885,  2889,  2893,  2894,  2892,  2888,  2883,  2875,  2869,  2866,-32768,  2865,  2869,  2877,  2885,  2890,  2891,  2889,  2884,  2882,  2884,  2888,  2895,  2899,  2902,  2901,  2896,  2890,  2880,  2872,-32768,  2782,  2758,  2711,  2686,  2667,  2662,  2659,  2657,  2676,  2713,  2739,  2750,  2756,  2761,  2767,  2777,  2788,  2795,  2796,  2799,  2815,  2844,  2856,-32768,  2832,  2847,  2853,  2851,  2850,  2852,  2857,  2867,  2880,  2899,  2910,  2910,  2904,  2895,  2886,  2878,  2870,  2862,  2869,  2895,  2909,  2913,  2920,  2927,  2929,  2929,  2933,  2938,  2935,  2921,  2902,  2877,  2861,  2857,  2853,  2852,  2856,  2861,  2857,  2842,  2835,  2841,  2832,  2804,  2780,  2761,  2750,  2750,  2750,  2748,  2752,  2757,  2753,  2745,  2748,
  2742,  2740,  2731,  2730,  2737,  2741,  2741,  2739,  2737,  2732,  2724,  2710,  2693,  2680,  2673,  2670,  2669,  2661,  2647,  2640,  2646,  2648,  2646,  2645,  2643,  2634,  2618,  2605,  2597,  2592,  2589,  2590,  2593,  2600,  2616,  2624,  2622,  2619,  2612,  2604,  2599,  2600,  2605,  2605,  2600,  2594,  2588,  2590,  2602,  2619,  2641,  2660,  2675,  2684,  2690,  2695,  2697,  2699,  2700,  2701,  2703,  2703,  2701,  2711,  2733,  2746,  2747,  2752,  2761,  2760,  2747,  2740,  2744,  2745,  2743,  2753,  2768,  2773,  2771,  2773,  2778,  2779,  2775,  2777,  2785,  2784,  2780,  2791,  2816,  2833,  2839,  2851,  2864,  2879,  2897,  2901,  2884,  2851,  2806,  2742,  2695,  2685,  2686,-32768,-32768,-32768,-32768,-32768,-32768,-32768,-32768,-32768,-32768,-32768,-32768,-32768,-32768,-32768,-32768,-32768,-32768,-32768,-32768,-32768,-32768,-32768,  2742,  2751,  2758,  2756,  2748,  2736,  2725,  2727,  2738,  2745,  2745,  2743,  2743,  2738,  2728,  2720,  2714,  2710,  2713,  2716,  2715,  2713,  2707,  2704,  2704,  2707,  2716,  2726,  2738,  2752,  2765,  2783,  2805,  2825,  2842,  2861,  2886,  2901,  2904,  2907,  2907,  2910,  2915,  2906,  2902,-32768,-32768,-32768,-32768,  2866,  2883,-32768,-32768,  2881,  2912,  2924,  2933,  2946,  2958,  2965,-32768,-32768,-32768,-32768,-32768,-32768,-32768,-32768,-32768,-32768,-32768,-32768,-32768,-32768,-32768,-32768,-32768,-32768,-32768,-32768,-32768,-32768,-32768,-32768,-32768,-32768,-32768,-32768,-32768,-32768,-32768,-32768,-32768,-32768,-32768,-32768,-32768,-32768,-32768,-32768,-32768,-32768,  2738,  2738,  2742,  2754,  2772,  2787,  2803,  2821,  2840,  2854,  2863,  2868,  2869,  2869,  2866,  2864,  2863,  2864,  2867,  2871,  2876,  2879,  2883,  2886,  2889,  2887,  2883,  2884,  2889,  2888,  2882,  2878,  2882,  2875,  2878,  2884,  2891,  2894,  2894,  2892,  2886,  2885,  2889,  2895,  2903,  2907,  2909,  2907,  2896,  2889,  2878,  2877,  2861,-32768,-32768,  2715,  2699,  2682,  2677,  2674,  2672,  2690,  2723,  2745,  2754,  2758,  2761,  2768,-32768,-32768,  2807,  2808,  2813,  2829,  2851,  2860,  2852,  2840,  2849,  2857,  2857,  2858,  2862,  2869,  2880,  2894,  2913,  2926,  2929,  2929,  2930,  2923,  2908,  2897,  2887,  2892,  2912,  2920,  2917,  2925,  2939,  2946,  2945,  2949,  2954,  2950,  2935,  2916,  2892,  2876,  2868,  2860,  2856,  2852,  2846,  2842,  2838,  2839,  2847,  2839,  2810,  2789,  2775,  2761,  2752,  2747,  2744,  2746,  2747,  2742,  2732,  2733,
  2714,  2716,  2711,  2713,  2719,  2722,  2720,  2720,  2721,  2714,  2699,  2679,  2660,  2652,  2653,  2654,  2650,  2646,  2642,  2639,  2640,  2642,  2641,  2636,  2630,  2621,  2610,  2598,  2584,  2573,  2567,  2567,  2575,  2587,  2609,  2621,  2618,  2616,  2611,  2606,  2607,  2611,  2615,  2612,  2604,  2599,  2598,  2599,  2607,  2624,  2648,  2664,  2668,  2675,  2686,  2696,  2705,  2712,  2715,  2715,  2713,  2709,  2702,  2701,  2708,  2717,  2722,  2732,  2748,  2755,  2752,  2747,  2742,  2736,  2731,  2732,  2738,  2750,  2768,  2781,  2789,  2789,  2783,  2786,  2796,  2797,  2791,  2803,  2833,  2849,  2850,  2852,  2856,  2856,  2855,  2849,  2829,  2797,  2760,  2710,  2670,  2664,  2668,-32768,-32768,-32768,-32768,-32768,-32768,-32768,-32768,-32768,-32768,-32768,-32768,-32768,-32768,-32768,-32768,-32768,-32768,-32768,-32768,-32768,-32768,-32768,-32768,-32768,  2761,  2765,  2762,  2756,  2751,  2751,  2754,  2754,  2751,  2752,  2757,  2755,  2745,  2738,  2735,  2734,  2739,  2743,  2744,  2741,  2732,  2730,  2736,  2742,  2751,  2763,  2780,  2796,  2808,  2821,  2836,  2853,  2872,  2895,  2922,  2936,  2937,  2941,  2947,  2950,  2950,  2941,  2935,  2951,  2939,  2932,  2928,  2904,  2909,  2937,  2927,  2913,  2920,  2932,  2943,  2952,  2960,  2965,  2966,  2962,  2956,-32768,-32768,-32768,-32768,-32768,-32768,-32768,-32768,-32768,-32768,-32768,-32768,-32768,-32768,-32768,-32768,-32768,-32768,-32768,-32768,-32768,-32768,-32768,-32768,-32768,-32768,-32768,-32768,-32768,-32768,-32768,-32768,-32768,-32768,-32768,-32768,-32768,-32768,  2729,  2737,  2749,  2765,  2782,  2798,  2813,  2831,  2847,  2861,  2872,  2878,  2880,  2880,  2880,  2877,  2877,  2877,  2878,  2880,  2879,  2876,  2874,  2875,  2878,  2881,  2879,  2872,  2879,  2897,  2904,  2899,  2894,  2890,  2888,  2888,  2891,  2892,  2895,  2899,  2899,  2893,  2893,  2898,  2902,  2905,  2908,  2911,  2912,-32768,-32768,  2876,  2870,  2870,-32768,-32768,  2740,  2726,  2706,  2698,  2698,  2705,  2721,  2741,  2752,  2756,  2757,  2771,-32768,-32768,-32768,  2823,  2827,  2835,  2845,  2852,  2858,  2860,  2858,  2860,  2865,  2870,  2874,  2876,  2882,  2892,  2908,  2931,  2941,  2934,  2936,  2949,  2950,  2935,  2921,  2911,  2912,  2923,  2924,  2919,  2928,  2951,  2962,  2962,  2962,  2963,  2957,  2944,  2928,  2907,  2892,  2883,  2874,  2867,  2850,  2825,  2821,  2835,  2843,  2846,  2838,  2819,  2800,  2780,  2763,  2753,  2746,  2743,  2741,  2735,  2722,  2704,  2702,
  2686,  2692,  2693,  2695,  2700,  2701,  2696,  2693,  2690,  2681,  2665,  2647,  2629,  2624,  2629,  2631,  2625,  2621,  2623,  2625,  2631,  2634,  2629,  2619,  2609,  2600,  2594,  2585,  2570,  2557,  2547,  2546,  2555,  2568,  2588,  2601,  2603,  2604,  2605,  2605,  2606,  2608,  2608,  2601,  2590,  2586,  2587,  2585,  2588,  2604,  2628,  2644,  2647,  2653,  2665,  2678,  2696,  2705,  2704,  2701,  2697,  2692,  2686,  2681,  2679,  2684,  2690,  2702,  2721,  2733,  2738,  2735,  2725,  2717,  2712,  2711,  2714,  2731,  2762,  2780,  2787,  2789,  2787,  2791,  2799,  2798,  2793,  2803,  2827,  2835,  2826,  2821,  2822,  2817,  2806,  2798,  2785,  2757,  2724,  2685,  2653,  2646,  2659,-32768,-32768,-32768,-32768,-32768,-32768,-32768,-32768,-32768,-32768,-32768,-32768,-32768,-32768,-32768,-32768,-32768,-32768,-32768,-32768,-32768,-32768,-32768,-32768,-32768,-32768,  2775,  2775,  2772,  2769,  2767,  2767,  2764,  2760,  2762,  2769,  2768,  2761,  2757,  2757,  2759,  2765,  2770,  2771,  2767,  2758,  2756,  2762,  2770,  2781,  2793,  2807,  2818,  2826,  2838,  2851,  2869,  2892,  2914,  2936,  2947,  2945,  2950,  2959,  2964,  2963,  2959,  2957,  2951,  2942,  2938,  2935,  2936,  2942,  2943,  2936,  2934,  2938,  2945,  2952,  2956,  2960,  2964,  2964,  2960,  2953,  2947,-32768,-32768,-32768,-32768,-32768,-32768,-32768,-32768,-32768,-32768,-32768,-32768,-32768,-32768,-32768,-32768,-32768,-32768,-32768,-32768,-32768,-32768,-32768,-32768,-32768,-32768,-32768,-32768,-32768,-32768,-32768,-32768,-32768,-32768,-32768,-32768,-32768,  2736,  2748,  2766,  2785,  2804,  2823,  2838,  2850,  2862,  2873,  2882,  2887,  2888,  2887,  2886,  2886,  2886,  2886,  2887,  2887,  2884,  2879,  2874,  2873,  2875,  2878,  2877,  2873,  2882,  2902,  2911,  2907,  2903,  2900,  2899,  2899,  2899,  2897,  2898,  2902,  2902,  2896,  2895,  2898,  2901,  2903,  2903,  2904,  2906,  2905,-32768,-32768,  2864,  2861,-32768,-32768,  2765,  2751,  2731,  2721,  2721,  2730,  2744,  2757,  2762,  2758,  2758,-32768,-32768,-32768,  2828,  2833,  2840,  2851,  2859,  2861,  2865,  2872,  2873,  2872,  2876,  2882,  2888,  2888,  2893,  2904,  2919,  2938,  2945,  2938,  2943,  2959,  2963,  2952,  2942,  2937,  2937,  2940,  2938,  2929,  2937,  2962,  2974,  2971,  2969,  2968,  2961,  2949,  2934,  2914,  2897,  2883,  2872,  2864,  2843,  2814,  2809,  2827,  2838,  2839,  2832,  2814,  2797,  2780,  2766,  2756,  2747,  2740,  2731,  2720,  2702,  2680,  2675,
  2663,  2670,  2679,  2683,  2684,  2681,  2673,  2663,  2648,  2636,  2628,  2615,  2602,  2599,  2602,  2602,  2598,  2593,  2593,  2602,  2619,  2624,  2611,  2596,  2583,  2576,  2572,  2567,  2556,  2544,  2534,  2531,  2539,  2547,  2557,  2568,  2577,  2586,  2595,  2597,  2594,  2589,  2581,  2568,  2556,  2553,  2553,  2549,  2548,  2561,  2585,  2603,  2611,  2619,  2625,  2641,  2670,  2679,  2668,  2659,  2651,  2648,  2650,  2647,  2640,  2642,  2647,  2658,  2678,  2694,  2703,  2702,  2692,  2686,  2687,  2691,  2698,  2719,  2750,  2767,  2770,  2776,  2784,  2791,  2791,  2789,  2785,  2789,  2798,  2792,  2770,  2762,  2768,  2766,  2758,  2756,  2756,  2735,  2701,  2669,  2645,  2639,-32768,-32768,-32768,-32768,-32768,-32768,-32768,-32768,-32768,-32768,-32768,-32768,-32768,-32768,-32768,-32768,-32768,-32768,-32768,-32768,-32768,-32768,-32768,-32768,-32768,-32768,-32768,  2778,  2779,  2780,  2776,  2775,  2778,  2778,  2775,  2776,  2779,  2779,  2777,  2777,  2780,  2783,  2790,  2794,  2794,  2791,  2786,  2783,  2784,  2791,  2807,  2816,  2819,  2821,  2823,  2834,  2852,  2875,  2903,  2921,  2932,  2935,  2932,  2938,  2948,  2953,  2952,  2949,  2946,  2945,  2945,  2945,  2943,  2944,  2947,  2948,  2949,  2949,  2952,  2955,  2957,  2957,  2959,  2961,  2961,  2957,  2949,  2944,-32768,-32768,-32768,-32768,-32768,-32768,-32768,-32768,-32768,-32768,-32768,-32768,-32768,-32768,-32768,-32768,-32768,-32768,-32768,-32768,-32768,-32768,-32768,-32768,-32768,-32768,-32768,-32768,-32768,-32768,-32768,-32768,-32768,-32768,-32768,  2753,  2749,  2751,  2771,  2790,  2801,  2819,  2845,  2859,  2858,  2864,  2877,  2888,  2896,  2897,  2891,  2889,  2893,  2894,  2891,  2890,  2890,  2890,  2889,  2886,  2883,  2882,  2880,  2879,  2882,  2891,  2903,  2908,  2905,  2903,  2903,  2905,  2908,  2908,  2904,  2902,  2902,  2900,  2895,  2891,  2889,  2890,  2894,  2892,  2886,  2891,  2906,  2915,-32768,-32768,  2858,  2856,-32768,  2788,  2774,  2755,  2744,  2742,  2746,  2756,  2767,  2768,-32768,-32768,-32768,-32768,-32768,  2833,  2838,  2847,  2862,  2874,  2880,  2883,  2883,  2883,  2886,  2889,  2892,  2894,  2894,  2900,  2915,  2926,  2933,  2938,  2942,  2948,  2957,  2960,  2956,  2956,  2960,  2962,  2959,  2953,  2942,  2948,  2970,  2979,  2973,  2970,  2970,  2963,  2950,  2934,  2913,  2890,  2866,  2850,  2844,  2828,  2807,  2802,  2810,  2818,  2825,  2816,  2792,  2778,  2773,  2767,  2760,  2749,  2734,  2720,  2703,  2684,  2663,  2656,
  2651,  2655,  2666,  2671,  2671,  2667,  2656,  2643,  2626,  2612,  2606,  2597,  2587,  2585,  2589,  2590,  2585,  2578,  2573,  2582,  2601,  2604,  2588,  2574,  2565,  2561,  2559,  2555,  2544,  2532,  2524,  2522,  2529,  2537,  2542,  2550,  2558,  2564,  2568,  2569,  2564,  2559,  2548,  2532,  2519,  2514,  2513,  2511,  2514,  2527,  2548,  2567,  2583,  2591,  2591,  2602,  2627,  2634,  2622,  2612,  2603,  2601,  2605,  2601,  2589,  2587,  2593,  2606,  2628,  2647,  2661,  2662,  2652,  2650,  2659,  2670,  2682,  2702,  2726,  2739,  2745,  2753,  2765,  2771,  2768,  2764,  2760,  2753,  2745,  2730,  2705,  2696,  2704,  2709,  2710,  2715,  2721,  2709,  2686,  2667,  2642,-32768,-32768,-32768,-32768,-32768,-32768,-32768,-32768,-32768,-32768,-32768,-32768,-32768,-32768,-32768,-32768,-32768,-32768,-32768,-32768,-32768,-32768,-32768,-32768,-32768,-32768,-32768,-32768,  2768,  2774,  2781,  2783,  2786,  2794,  2798,  2801,  2801,  2800,  2799,  2799,  2800,  2801,  2804,  2810,  2814,  2815,  2812,  2808,  2805,  2803,  2809,  2822,  2827,  2823,  2819,  2817,  2826,  2846,  2871,  2898,  2913,  2917,  2917,  2915,  2920,  2927,  2932,  2933,  2932,  2930,  2931,  2937,  2939,  2939,  2939,  2940,  2942,  2947,  2950,  2951,  2955,  2957,  2956,  2955,  2955,  2955,  2953,  2947,  2943,-32768,-32768,-32768,-32768,-32768,-32768,-32768,-32768,-32768,-32768,-32768,-32768,-32768,-32768,-32768,-32768,-32768,-32768,-32768,-32768,-32768,-32768,-32768,-32768,-32768,-32768,-32768,-32768,-32768,-32768,-32768,-32768,-32768,-32768,  2771,  2761,  2758,  2767,  2789,  2805,  2812,  2826,  2850,  2862,  2859,  2863,  2874,  2885,  2894,  2895,  2888,  2886,  2889,  2889,  2886,  2888,  2894,  2897,  2897,  2894,  2891,  2890,  2887,  2886,  2886,  2891,  2900,  2903,  2902,  2902,  2904,  2906,  2909,  2908,  2902,  2898,  2895,  2893,  2891,  2887,  2881,  2881,  2884,  2880,  2872,  2879,  2899,  2911,  2901,-32768,-32768,-32768,  2821,  2808,  2793,  2775,  2764,  2760,  2761,  2761,  2770,-32768,-32768,-32768,-32768,-32768,-32768,-32768,  2847,  2857,  2868,  2877,  2881,  2886,  2891,  2896,  2902,  2903,  2899,  2897,  2898,  2903,  2914,  2920,  2921,  2925,  2934,  2943,  2952,  2956,  2954,  2960,  2975,  2980,  2973,  2965,  2953,  2955,  2974,  2981,  2973,  2969,  2970,  2963,  2949,  2931,  2907,  2880,  2852,  2831,  2820,  2807,  2796,  2791,  2791,  2794,  2799,  2793,  2774,  2765,  2766,  2763,  2758,  2747,  2731,  2714,  2695,  2677,  2661,  2652,
  2653,  2650,  2659,  2665,  2668,  2665,  2652,  2640,  2628,  2614,  2602,  2593,  2585,  2587,  2597,  2600,  2596,  2585,  2569,  2569,  2581,  2579,  2567,  2559,  2558,  2560,  2558,  2552,  2538,  2527,  2525,  2527,  2535,  2543,  2549,  2552,  2550,  2542,  2532,  2527,  2527,  2528,  2524,  2509,  2494,  2485,  2477,  2479,  2495,  2511,  2528,  2549,  2572,  2580,  2575,  2573,  2577,  2580,  2578,  2573,  2567,  2564,  2565,  2556,  2538,  2534,  2545,  2561,  2585,  2607,  2626,  2630,  2620,  2622,  2638,  2654,  2669,  2681,  2690,  2701,  2717,  2728,  2735,  2739,  2736,  2730,  2724,  2706,  2683,  2665,  2650,  2644,  2650,  2662,  2676,  2684,  2686,  2682,  2677,  2675,-32768,-32768,-32768,-32768,-32768,-32768,-32768,-32768,-32768,-32768,-32768,-32768,-32768,-32768,-32768,-32768,-32768,-32768,-32768,-32768,-32768,-32768,-32768,-32768,-32768,-32768,-32768,-32768,-32768,  2752,  2766,  2783,  2792,  2802,  2813,  2824,  2835,  2837,  2833,  2831,  2828,  2826,  2822,  2822,  2828,  2833,  2836,  2832,  2826,  2823,  2824,  2826,  2831,  2830,  2824,  2819,  2814,  2822,  2842,  2864,  2885,  2897,  2900,  2902,  2903,  2904,  2904,  2908,  2915,  2916,  2912,  2912,  2918,  2922,  2924,  2926,  2926,  2929,  2934,  2938,  2941,  2947,  2953,  2952,  2948,  2946,  2945,  2946,  2946,  2945,-32768,-32768,-32768,-32768,-32768,-32768,-32768,-32768,-32768,-32768,-32768,-32768,-32768,-32768,-32768,-32768,-32768,-32768,-32768,-32768,-32768,-32768,-32768,-32768,-32768,-32768,-32768,-32768,-32768,-32768,-32768,-32768,-32768,  2789,  2779,  2778,  2780,  2789,  2805,  2818,  2824,  2833,  2846,  2855,  2857,  2862,  2871,  2878,  2884,  2884,  2878,  2876,  2876,  2876,  2874,  2880,  2894,  2900,  2897,  2895,  2896,  2898,  2900,  2895,  2885,  2884,  2893,  2898,  2900,  2902,  2902,  2902,  2903,  2900,  2893,  2887,  2881,  2880,  2882,  2880,  2875,  2873,  2875,  2871,  2865,  2871,  2890,  2901,  2904,-32768,-32768,-32768,-32768,  2817,  2806,  2790,  2780,  2778,  2779,-32768,-32768,-32768,-32768,-32768,-32768,-32768,-32768,  2860,  2863,  2870,  2868,  2868,  2880,  2890,  2898,  2912,  2920,  2918,  2905,  2900,  2903,  2905,  2904,  2905,  2907,  2911,  2918,  2931,  2950,  2956,  2949,  2958,  2984,  2992,  2983,  2972,  2957,  2957,  2973,  2978,  2972,  2968,  2968,  2960,  2942,  2921,  2895,  2870,  2845,  2821,  2801,  2789,  2786,  2782,  2775,  2771,  2771,  2769,  2764,  2762,  2761,  2759,  2755,  2746,  2733,  2717,  2697,  2684,  2676,  2665,
  2658,  2653,  2665,  2676,  2683,  2682,  2671,  2659,  2644,  2628,  2616,  2609,  2605,  2610,  2620,  2623,  2622,  2612,  2594,  2583,  2578,  2570,  2565,  2564,  2566,  2572,  2575,  2570,  2554,  2543,  2545,  2549,  2557,  2564,  2570,  2569,  2559,  2543,  2526,  2520,  2520,  2523,  2522,  2512,  2502,  2496,  2489,  2493,  2507,  2519,  2530,  2549,  2573,  2580,  2571,  2564,  2561,  2563,  2567,  2566,  2562,  2559,  2557,  2547,  2529,  2524,  2533,  2550,  2573,  2594,  2613,  2619,  2614,  2619,  2635,  2649,  2657,  2663,  2664,  2674,  2693,  2705,  2712,  2718,  2717,  2708,  2696,  2676,  2653,  2643,  2641,  2642,  2649,  2660,  2671,  2671,  2666,  2666,  2675,  2681,-32768,-32768,-32768,-32768,-32768,-32768,-32768,-32768,-32768,-32768,-32768,-32768,-32768,-32768,-32768,-32768,-32768,-32768,-32768,-32768,-32768,-32768,-32768,-32768,-32768,-32768,-32768,-32768,-32768,  2745,  2763,  2785,  2797,  2809,  2832,  2844,  2856,  2861,  2860,  2857,  2854,  2849,  2843,  2842,  2846,  2851,  2853,  2848,  2840,  2838,  2840,  2840,  2837,  2832,  2826,  2822,  2819,  2826,  2844,  2860,  2875,  2884,  2887,  2889,  2889,  2887,  2882,  2884,  2893,  2895,  2891,  2892,  2898,  2902,  2906,  2909,  2910,  2913,  2920,  2924,  2929,  2936,  2944,  2945,  2941,  2940,  2939,  2938,  2938,  2938,-32768,-32768,-32768,-32768,-32768,-32768,-32768,-32768,-32768,-32768,-32768,-32768,-32768,-32768,-32768,-32768,-32768,-32768,-32768,-32768,-32768,-32768,-32768,-32768,-32768,-32768,-32768,-32768,-32768,-32768,-32768,-32768,  2791,  2791,  2794,  2798,  2803,  2813,  2825,  2834,  2841,  2846,  2853,  2860,  2864,  2867,  2871,  2874,  2878,  2879,  2877,  2875,  2874,  2872,  2871,  2876,  2889,  2894,  2891,  2892,  2898,  2903,  2906,  2901,  2886,  2882,  2890,  2894,  2897,  2896,  2893,  2892,  2893,  2890,  2884,  2877,  2870,  2866,  2868,  2868,  2863,  2864,  2869,  2868,  2863,  2868,  2883,  2892,  2892,  2890,-32768,-32768,-32768,  2821,  2817,  2804,  2796,  2794,  2797,  2808,-32768,-32768,-32768,-32768,-32768,-32768,-32768,  2857,  2867,  2872,  2869,  2867,  2886,  2898,  2909,  2927,  2930,  2925,  2914,  2909,  2913,  2914,  2899,  2898,  2910,  2914,  2919,  2928,  2945,  2953,  2949,  2957,  2978,  2983,  2974,  2965,  2954,  2953,  2965,  2971,  2971,  2969,  2968,  2957,  2934,  2912,  2889,  2867,  2845,  2823,  2802,  2793,  2792,  2789,  2781,  2774,  2772,  2771,  2772,  2771,  2769,  2767,  2765,  2756,  2742,  2729,  2718,  2707,  2696,  2679,
  2668,  2664,  2685,  2699,  2706,  2709,  2705,  2692,  2668,  2649,  2642,  2641,  2645,  2651,  2656,  2657,  2658,  2654,  2642,  2622,  2593,  2579,  2587,  2592,  2590,  2597,  2607,  2604,  2589,  2578,  2580,  2583,  2588,  2594,  2601,  2598,  2585,  2568,  2554,  2549,  2545,  2543,  2541,  2537,  2539,  2544,  2547,  2548,  2547,  2548,  2553,  2567,  2585,  2589,  2580,  2577,  2579,  2584,  2589,  2589,  2588,  2586,  2582,  2575,  2565,  2560,  2561,  2572,  2593,  2609,  2620,  2628,  2632,  2638,  2648,  2652,  2650,  2651,  2654,  2663,  2679,  2691,  2700,  2710,  2716,  2707,  2690,  2676,  2669,  2674,  2684,  2692,  2700,  2702,  2692,  2675,  2658,  2656,  2672,  2683,-32768,-32768,-32768,-32768,-32768,-32768,-32768,-32768,-32768,-32768,-32768,-32768,-32768,-32768,-32768,-32768,-32768,-32768,-32768,-32768,-32768,-32768,-32768,-32768,-32768,-32768,-32768,-32768,-32768,-32768,-32768,-32768,-32768,-32768,  2842,  2852,  2860,  2868,  2872,  2873,  2872,  2868,  2863,  2861,  2860,  2863,  2864,  2858,  2851,  2850,  2852,  2850,  2843,  2837,  2831,  2830,  2831,  2837,  2849,  2859,  2870,  2875,  2875,  2875,  2873,  2869,  2863,  2863,  2870,  2873,  2873,  2876,  2884,  2888,  2891,  2894,  2897,  2901,  2906,  2912,  2918,  2925,  2932,  2935,  2936,  2937,  2937,  2934,  2928,  2925,-32768,-32768,-32768,-32768,-32768,-32768,-32768,-32768,-32768,-32768,-32768,-32768,-32768,-32768,-32768,-32768,-32768,-32768,-32768,-32768,-32768,-32768,-32768,-32768,-32768,-32768,-32768,-32768,-32768,-32768,-32768,  2801,  2794,  2799,  2811,  2820,  2828,  2838,  2847,  2854,  2860,  2865,  2870,  2873,  2873,  2872,  2870,  2871,  2875,  2879,  2881,  2881,  2878,  2875,  2873,  2873,  2876,  2877,  2876,  2883,  2894,  2902,  2905,  2900,  2889,  2885,  2890,  2892,  2893,  2889,  2880,  2877,  2880,  2880,  2876,  2871,  2864,  2857,  2854,  2852,  2846,  2850,  2863,  2867,  2864,  2869,  2881,  2885,  2879,  2884,  2867,-32768,-32768,-32768,  2822,  2815,  2810,  2807,  2808,  2812,-32768,-32768,-32768,-32768,-32768,-32768,  2849,  2852,  2857,  2866,-32768,  2886,  2898,  2909,  2921,  2934,  2925,  2920,  2919,  2919,  2925,  2926,-32768,-32768,  2928,  2932,  2936,  2930,  2941,  2950,  2955,  2959,  2961,  2959,  2955,  2952,  2949,  2950,  2952,  2958,  2968,  2971,  2971,  2958,  2931,  2910,  2895,  2877,  2857,  2839,  2824,  2814,  2809,  2805,  2802,  2799,  2799,  2799,  2796,  2792,  2789,  2788,  2788,  2778,  2758,  2750,  2754,  2745,  2720,  2694,
  2705,  2701,  2718,  2728,  2732,  2736,  2735,  2722,  2699,  2682,  2676,  2678,  2686,  2692,  2695,  2695,  2696,  2695,  2687,  2663,  2625,  2608,  2616,  2620,  2614,  2618,  2627,  2628,  2620,  2618,  2623,  2628,  2629,  2632,  2637,  2631,  2615,  2601,  2594,  2595,  2594,  2589,  2582,  2580,  2589,  2595,  2597,  2594,  2587,  2583,  2583,  2591,  2604,  2607,  2604,  2605,  2609,  2614,  2617,  2618,  2619,  2617,  2613,  2609,  2605,  2600,  2596,  2602,  2617,  2627,  2633,  2640,  2649,  2657,  2662,  2662,  2656,  2657,  2662,  2670,  2681,  2691,  2700,  2711,  2718,  2714,  2704,  2699,  2702,  2714,  2732,  2743,  2746,  2738,  2712,  2682,  2653,  2639,  2652,  2663,-32768,-32768,-32768,-32768,-32768,-32768,-32768,-32768,-32768,-32768,-32768,-32768,-32768,-32768,-32768,-32768,-32768,-32768,-32768,-32768,-32768,-32768,-32768,-32768,-32768,-32768,-32768,-32768,-32768,-32768,-32768,-32768,-32768,-32768,-32768,  2853,  2859,  2869,  2876,  2880,  2880,  2880,  2875,  2871,  2869,  2870,  2871,  2866,  2860,  2859,  2862,  2860,  2853,  2847,  2842,  2842,  2844,  2848,  2855,  2861,  2868,  2870,  2868,  2868,  2868,  2864,  2856,  2854,  2859,  2861,  2862,  2868,  2878,  2883,  2884,  2885,  2887,  2891,  2897,  2903,  2911,  2918,  2923,  2926,  2927,  2929,  2933,  2930,  2923,  2919,-32768,-32768,-32768,-32768,-32768,-32768,-32768,-32768,-32768,-32768,-32768,-32768,-32768,-32768,-32768,-32768,-32768,-32768,-32768,-32768,-32768,-32768,-32768,-32768,-32768,-32768,-32768,-32768,-32768,-32768,  2840,  2819,  2814,  2818,  2831,  2842,  2852,  2862,  2869,  2874,  2879,  2883,  2885,  2884,  2881,  2876,  2872,  2871,  2875,  2877,  2879,  2878,  2875,  2874,  2872,  2870,  2869,  2869,  2869,  2876,  2886,  2893,  2896,  2894,  2886,  2884,  2886,  2885,  2884,  2877,  2865,  2862,  2865,  2868,  2868,  2865,  2859,  2850,  2842,  2840,  2841,  2848,  2861,  2865,  2861,  2865,  2875,  2875,  2864,  2868,  2864,-32768,-32768,-32768,-32768,  2821,  2816,  2812,  2814,  2820,  2825,-32768,-32768,-32768,-32768,-32768,  2857,  2858,  2856,-32768,-32768,  2891,  2906,  2916,  2924,  2931,  2921,  2916,  2917,  2920,  2927,  2928,  2933,-32768,  2937,  2951,  2946,-32768,-32768,  2950,  2959,  2960,  2950,  2943,  2937,  2938,  2945,  2951,  2953,  2958,  2967,  2970,  2969,  2958,  2938,  2922,  2913,  2897,  2876,  2860,  2849,  2840,  2833,  2829,  2827,  2827,  2831,  2833,  2828,  2822,  2816,  2814,  2814,  2806,  2789,  2782,  2786,  2776,  2752,  2728,
  2768,  2762,  2762,  2762,  2763,  2763,  2760,  2751,  2735,  2722,  2716,  2717,  2725,  2731,  2734,  2734,  2733,  2732,  2727,  2706,  2673,  2653,  2647,  2642,  2633,  2632,  2637,  2642,  2649,  2659,  2672,  2677,  2673,  2672,  2672,  2662,  2647,  2637,  2637,  2648,  2658,  2655,  2642,  2636,  2643,  2642,  2631,  2623,  2618,  2614,  2612,  2614,  2619,  2625,  2633,  2639,  2641,  2641,  2642,  2643,  2644,  2643,  2640,  2637,  2634,  2628,  2621,  2623,  2631,  2637,  2641,  2648,  2659,  2667,  2671,  2671,  2668,  2672,  2679,  2685,  2690,  2697,  2705,  2712,  2716,  2719,  2722,  2725,  2729,  2743,  2767,  2776,  2772,  2756,  2721,  2685,  2647,  2617,  2617,  2645,-32768,-32768,-32768,-32768,-32768,-32768,-32768,-32768,-32768,-32768,-32768,-32768,-32768,-32768,-32768,-32768,-32768,-32768,-32768,-32768,-32768,-32768,-32768,-32768,-32768,-32768,-32768,-32768,-32768,-32768,-32768,-32768,-32768,-32768,-32768,-32768,-32768,-32768,-32768,-32768,-32768,  2882,  2877,  2874,  2873,  2875,  2877,  2873,  2866,  2865,  2869,  2869,  2865,  2859,  2854,  2853,  2855,  2856,  2859,  2862,  2868,  2868,  2864,  2865,  2870,  2868,  2859,  2854,  2855,  2856,  2858,  2865,  2874,  2880,  2881,  2881,  2879,  2882,  2888,  2896,  2907,  2914,  2917,  2917,  2915,  2919,  2926,  2929,  2925,  2923,  2925,-32768,-32768,-32768,-32768,-32768,-32768,-32768,-32768,-32768,-32768,-32768,-32768,-32768,-32768,-32768,-32768,-32768,-32768,-32768,-32768,-32768,-32768,-32768,-32768,-32768,-32768,-32768,-32768,-32768,  2859,  2856,  2851,  2849,  2852,  2861,  2872,  2882,  2890,  2893,  2896,  2898,  2897,  2893,  2888,  2882,  2877,  2875,  2875,  2873,  2869,  2868,  2868,  2868,  2866,  2866,  2869,  2870,  2872,  2875,  2877,  2881,  2884,  2883,  2880,  2878,  2877,  2874,  2870,  2862,  2849,  2844,  2846,  2850,  2856,  2858,  2856,  2845,  2831,  2833,  2846,  2857,  2863,  2862,  2855,  2856,  2864,  2861,  2845,  2845,  2858,  2852,-32768,-32768,-32768,  2822,  2816,  2810,  2817,  2825,  2833,  2837,  2837,  2841,  2849,  2862,  2870,  2869,  2861,  2859,  2874,-32768,  2912,  2917,  2917,  2918,  2918,  2916,  2913,  2914,  2920,  2925,  2926,  2932,-32768,  2957,-32768,-32768,-32768,-32768,-32768,-32768,  2946,  2938,  2928,  2925,  2941,  2958,  2969,  2973,  2971,  2967,  2964,  2960,  2954,  2947,  2940,  2924,  2899,  2882,  2874,  2867,  2862,  2857,  2853,  2854,  2863,  2867,  2862,  2854,  2847,  2842,  2840,  2835,  2828,  2820,  2811,  2801,  2791,  2780,
  2817,  2811,  2805,  2799,  2793,  2789,  2786,  2780,  2771,  2762,  2756,  2756,  2763,  2766,  2767,  2766,  2763,  2761,  2757,  2741,  2715,  2698,  2689,  2678,  2663,  2654,  2654,  2660,  2674,  2689,  2703,  2710,  2706,  2701,  2695,  2685,  2675,  2671,  2674,  2688,  2702,  2698,  2682,  2674,  2679,  2674,  2656,  2644,  2639,  2635,  2632,  2632,  2634,  2639,  2648,  2654,  2654,  2655,  2657,  2659,  2660,  2659,  2655,  2652,  2647,  2640,  2634,  2633,  2636,  2639,  2642,  2650,  2661,  2668,  2672,  2672,  2673,  2678,  2685,  2689,  2690,  2694,  2701,  2706,  2709,  2717,  2730,  2738,  2742,  2758,  2783,  2794,  2791,  2775,  2739,  2699,  2651,  2607,  2597,-32768,-32768,-32768,-32768,-32768,-32768,-32768,-32768,-32768,-32768,-32768,-32768,-32768,-32768,-32768,-32768,-32768,-32768,-32768,-32768,-32768,-32768,-32768,-32768,-32768,-32768,-32768,-32768,-32768,-32768,-32768,-32768,-32768,-32768,-32768,-32768,-32768,-32768,-32768,-32768,-32768,-32768,-32768,  2876,  2874,  2874,  2876,  2879,  2876,  2870,  2871,  2875,  2875,  2871,  2865,  2856,  2855,  2857,  2858,  2860,  2863,  2869,  2869,  2864,  2863,  2866,  2865,  2857,  2853,  2853,  2852,  2853,  2858,  2866,  2872,  2875,  2875,  2872,  2873,  2879,  2888,  2900,  2909,  2914,  2916,  2915,  2919,  2927,  2930,  2929,  2928,  2926,  2918,-32768,-32768,-32768,-32768,-32768,-32768,-32768,-32768,-32768,-32768,-32768,-32768,-32768,-32768,-32768,-32768,-32768,-32768,-32768,-32768,-32768,-32768,-32768,-32768,-32768,-32768,-32768,  2896,  2888,  2888,  2885,  2882,  2881,  2889,  2898,  2905,  2912,  2915,  2916,  2915,  2908,  2900,  2893,  2886,  2883,  2882,  2877,  2871,  2863,  2860,  2861,  2861,  2860,  2862,  2867,  2870,  2872,  2873,  2873,  2873,  2873,  2872,  2874,  2872,  2867,  2863,  2860,  2853,  2840,  2835,  2840,  2845,  2851,  2856,  2857,  2847,  2830,  2831,  2847,  2858,  2862,  2860,  2857,  2853,  2850,  2843,  2830,  2828,  2838,  2844,  2838,-32768,-32768,  2828,  2825,  2819,  2824,  2828,  2834,  2838,  2840,  2845,  2852,  2866,  2882,  2880,  2863,  2857,  2867,  2879,  2902,  2907,  2902,  2903,  2907,  2907,  2905,  2906,  2911,  2918,  2923,  2928,  2936,  2944,  2936,-32768,-32768,-32768,-32768,-32768,-32768,-32768,-32768,  2921,  2939,  2958,  2975,  2981,  2975,  2969,  2964,  2964,  2966,  2965,  2960,  2945,  2922,  2904,  2895,  2889,  2884,  2880,  2876,  2878,  2887,  2891,  2885,  2877,  2870,  2863,  2858,  2854,  2852,  2846,  2836,  2829,  2827,  2824,
  2850,  2845,  2843,  2836,  2822,  2815,  2814,  2812,  2807,  2801,  2795,  2793,  2796,  2795,  2794,  2791,  2787,  2784,  2781,  2769,  2750,  2740,  2738,  2725,  2701,  2685,  2679,  2681,  2692,  2705,  2718,  2726,  2728,  2722,  2710,  2701,  2701,  2702,  2703,  2712,  2720,  2714,  2699,  2692,  2699,  2693,  2672,  2659,  2653,  2649,  2647,  2649,  2653,  2655,  2653,  2653,  2653,  2655,  2662,  2667,  2667,  2665,  2659,  2653,  2643,  2638,  2639,  2638,  2636,  2637,  2641,  2648,  2656,  2661,  2663,  2665,  2669,  2673,  2679,  2681,  2679,  2681,  2688,  2692,  2693,  2705,  2725,  2737,  2742,  2756,  2779,  2794,  2800,  2792,  2762,  2724,  2670,  2620,  2602,-32768,-32768,-32768,-32768,-32768,-32768,-32768,-32768,-32768,-32768,-32768,-32768,-32768,-32768,-32768,-32768,-32768,-32768,-32768,-32768,-32768,-32768,-32768,-32768,-32768,-32768,-32768,-32768,-32768,-32768,-32768,-32768,-32768,-32768,-32768,-32768,-32768,-32768,-32768,-32768,-32768,-32768,-32768,-32768,-32768,  2872,  2873,  2876,  2876,  2873,  2876,  2881,  2878,  2871,  2861,  2849,  2846,  2849,  2853,  2856,  2862,  2871,  2872,  2866,  2861,  2856,  2853,  2849,  2848,  2848,  2846,  2844,  2846,  2851,  2856,  2862,  2865,  2865,  2866,  2869,  2877,  2887,  2899,  2911,  2920,  2925,  2929,  2930,  2931,  2932,  2932,  2930,  2917,  2902,-32768,-32768,-32768,-32768,-32768,-32768,-32768,-32768,-32768,-32768,-32768,-32768,-32768,-32768,-32768,-32768,-32768,-32768,-32768,-32768,-32768,-32768,-32768,-32768,-32768,-32768,  2902,  2907,  2913,  2913,  2913,  2917,  2923,  2927,  2929,  2934,  2935,  2935,  2930,  2918,  2905,  2894,  2888,  2893,  2891,  2879,  2868,  2859,  2854,  2854,  2854,  2854,  2859,  2866,  2869,  2871,  2873,  2873,  2871,  2863,  2862,  2867,  2865,  2856,  2852,  2853,  2848,  2836,  2835,  2846,  2852,  2851,  2856,  2862,  2856,  2839,  2836,  2846,  2853,  2857,  2862,  2868,  2859,  2834,  2821,  2818,  2818,  2823,  2829,  2834,  2832,  2835,  2838,  2833,  2836,  2833,  2832,  2835,  2839,  2845,  2852,  2859,  2874,  2896,  2892,  2865,  2852,  2854,  2860,  2866,  2872,  2880,  2886,  2889,  2891,  2897,  2900,  2904,  2909,  2913,  2919,  2929,  2930,  2927,  2924,  2938,-32768,-32768,-32768,-32768,-32768,-32768,-32768,  2939,  2958,  2974,  2982,  2980,  2976,  2972,  2972,  2974,  2974,  2969,  2959,  2943,  2928,  2917,  2908,  2902,  2899,  2898,  2900,  2905,  2905,  2898,  2891,  2886,  2879,  2871,  2866,  2863,  2862,  2860,  2859,  2859,  2857,
  2879,  2875,  2871,  2860,  2844,  2835,  2833,  2834,  2835,  2833,  2827,  2823,  2820,  2817,  2816,  2811,  2806,  2803,  2801,  2794,  2781,  2773,  2769,  2755,  2731,  2716,  2709,  2710,  2721,  2731,  2737,  2745,  2752,  2747,  2731,  2722,  2726,  2728,  2728,  2731,  2733,  2727,  2718,  2713,  2713,  2707,  2692,  2681,  2672,  2666,  2663,  2664,  2667,  2666,  2659,  2655,  2654,  2656,  2662,  2666,  2666,  2662,  2654,  2645,  2636,  2632,  2635,  2636,  2633,  2635,  2640,  2645,  2650,  2652,  2653,  2653,  2654,  2657,  2662,  2665,  2664,  2666,  2673,  2678,  2681,  2694,  2716,  2729,  2735,  2747,  2765,  2780,  2791,  2794,  2779,  2753,  2705,  2651,  2610,  2564,-32768,-32768,-32768,-32768,-32768,-32768,-32768,-32768,-32768,-32768,-32768,-32768,-32768,-32768,-32768,-32768,-32768,-32768,-32768,-32768,-32768,-32768,-32768,-32768,-32768,-32768,-32768,-32768,-32768,-32768,-32768,-32768,-32768,-32768,-32768,-32768,-32768,-32768,-32768,-32768,-32768,-32768,-32768,-32768,-32768,  2870,  2872,  2874,  2874,  2876,  2878,  2873,  2864,  2854,  2842,  2838,  2843,  2847,  2851,  2856,  2863,  2863,  2857,  2850,  2843,  2839,  2838,  2838,  2839,  2837,  2832,  2831,  2834,  2837,  2842,  2847,  2850,  2852,  2853,  2858,  2867,  2878,  2892,  2905,  2916,  2924,  2926,  2930,  2935,  2936,  2930,  2914,  2902,-32768,-32768,-32768,-32768,-32768,-32768,-32768,-32768,-32768,-32768,-32768,-32768,-32768,-32768,-32768,-32768,-32768,-32768,-32768,-32768,-32768,-32768,-32768,-32768,-32768,-32768,  2912,  2918,  2929,  2934,  2938,  2942,  2945,  2944,  2942,  2943,  2943,  2942,  2936,  2923,  2910,  2898,  2888,  2886,  2881,  2867,  2856,  2849,  2846,  2845,  2846,  2849,  2857,  2867,  2874,  2876,  2877,  2875,  2870,  2860,  2856,  2859,  2857,  2852,  2851,  2853,  2849,  2839,  2838,  2847,  2851,  2851,  2855,  2860,  2855,  2843,  2839,  2845,  2850,  2853,  2860,  2871,  2862,  2835,  2821,  2820,  2818,  2817,  2820,  2827,  2834,  2842,  2848,-32768,  2854,  2850,  2848,  2836,  2840,  2851,  2860,  2870,  2883,  2897,  2890,  2863,  2848,  2847,  2848,  2848,  2851,  2860,  2868,  2873,  2880,  2888,  2893,  2896,  2900,  2903,  2908,  2916,  2924,  2929,  2929,  2940,-32768,-32768,-32768,-32768,-32768,-32768,-32768,-32768,  2968,  2978,  2986,  2986,  2983,  2979,  2980,  2983,  2982,  2975,  2965,  2954,  2943,  2934,  2927,  2920,  2917,  2916,  2916,  2918,  2915,  2906,  2899,  2898,  2893,  2883,  2878,  2875,  2876,  2880,  2881,  2880,  2880,
  2899,  2897,  2884,  2871,  2859,  2849,  2842,  2845,  2856,  2859,  2854,  2846,  2837,  2831,  2831,  2826,  2818,  2815,  2814,  2810,  2804,  2794,  2782,  2767,  2751,  2744,  2741,  2745,  2761,  2766,  2761,  2767,  2779,  2776,  2756,  2746,  2748,  2749,  2747,  2747,  2745,  2743,  2744,  2738,  2726,  2719,  2719,  2711,  2697,  2686,  2679,  2675,  2674,  2672,  2667,  2662,  2661,  2660,  2661,  2661,  2661,  2656,  2644,  2635,  2629,  2626,  2627,  2628,  2629,  2631,  2635,  2639,  2643,  2644,  2645,  2642,  2634,  2634,  2640,  2645,  2646,  2650,  2657,  2664,  2672,  2686,  2704,  2717,  2724,  2732,  2743,  2754,  2766,  2780,  2787,  2780,  2749,  2694,  2623,  2559,  2518,-32768,-32768,-32768,-32768,-32768,-32768,-32768,-32768,-32768,-32768,-32768,-32768,-32768,-32768,-32768,-32768,-32768,-32768,-32768,-32768,-32768,-32768,-32768,-32768,-32768,-32768,-32768,-32768,-32768,-32768,-32768,-32768,-32768,-32768,-32768,-32768,-32768,-32768,-32768,-32768,-32768,-32768,-32768,-32768,  2866,  2868,  2870,  2871,  2870,  2865,  2858,  2850,  2843,  2834,  2833,  2839,  2842,  2844,  2844,  2843,  2840,  2836,  2831,  2827,  2824,  2823,  2824,  2825,  2822,  2815,  2812,  2815,  2815,  2816,  2820,  2825,  2828,  2829,  2833,  2839,  2847,  2857,  2870,  2884,  2898,  2910,  2922,  2933,  2934,  2921,  2905,  2894,-32768,-32768,-32768,-32768,-32768,-32768,-32768,-32768,-32768,-32768,-32768,-32768,-32768,-32768,-32768,-32768,-32768,-32768,-32768,-32768,-32768,-32768,-32768,-32768,-32768,-32768,  2914,  2919,  2932,  2944,  2950,  2951,  2950,  2946,  2941,  2938,  2937,  2937,  2933,  2922,  2910,  2898,  2880,  2863,  2852,  2842,  2836,  2836,  2836,  2835,  2838,  2847,  2859,  2874,  2882,  2885,  2884,  2878,  2870,  2862,  2855,  2849,  2848,  2855,  2859,  2858,  2855,  2851,  2848,  2846,  2847,  2853,  2855,  2851,  2846,  2840,  2841,  2850,  2854,  2854,  2859,  2865,  2865,  2857,  2849,  2840,  2830,  2822,  2821,  2827,  2839,  2857,  2867,  2879,  2873,  2875,  2875,-32768,-32768,  2859,  2869,  2887,  2894,  2890,  2880,  2864,  2853,  2847,  2847,  2852,  2852,  2851,  2857,  2869,  2878,  2885,  2888,  2890,  2894,  2899,  2904,  2911,  2922,  2934,  2940,  2936,  2913,  2909,-32768,-32768,-32768,  2851,-32768,-32768,  2975,  2986,  2991,  2991,  2988,  2985,  2986,  2990,  2988,  2977,  2966,  2955,  2950,  2950,  2947,  2941,  2936,  2932,  2929,  2929,  2923,  2909,  2903,  2907,  2904,  2895,  2890,  2889,  2890,  2895,  2894,  2888,  2890,
  2908,  2904,  2890,  2878,  2870,  2862,  2856,  2861,  2876,  2881,  2873,  2863,  2852,  2846,  2847,  2842,  2834,  2832,  2831,  2827,  2821,  2810,  2798,  2785,  2774,  2773,  2776,  2782,  2793,  2795,  2789,  2793,  2802,  2799,  2784,  2775,  2774,  2773,  2769,  2767,  2764,  2764,  2767,  2760,  2743,  2736,  2739,  2734,  2719,  2706,  2695,  2687,  2681,  2676,  2669,  2663,  2661,  2657,  2653,  2652,  2652,  2648,  2637,  2630,  2626,  2623,  2622,  2622,  2623,  2625,  2626,  2628,  2630,  2633,  2635,  2631,  2620,  2616,  2621,  2624,  2625,  2629,  2637,  2646,  2657,  2672,  2688,  2700,  2709,  2714,  2717,  2724,  2734,  2752,  2774,  2783,  2773,  2735,  2663,  2572,  2511,-32768,-32768,-32768,-32768,-32768,-32768,-32768,-32768,-32768,-32768,-32768,-32768,-32768,-32768,-32768,-32768,-32768,-32768,-32768,-32768,-32768,-32768,-32768,-32768,-32768,-32768,-32768,-32768,-32768,-32768,-32768,-32768,-32768,-32768,-32768,-32768,-32768,-32768,-32768,-32768,-32768,-32768,-32768,-32768,  2860,  2862,  2863,  2863,  2859,  2849,  2840,  2833,  2828,  2823,  2823,  2828,  2831,  2831,  2828,  2822,  2818,  2814,  2809,  2804,  2800,  2799,  2800,  2803,  2801,  2794,  2790,  2790,  2788,  2787,  2788,  2792,  2796,  2799,  2802,  2807,  2812,  2820,  2832,  2850,  2868,  2885,  2902,  2918,  2922,  2910,  2894,  2871,  2836,-32768,-32768,-32768,-32768,-32768,-32768,-32768,-32768,-32768,-32768,-32768,-32768,-32768,-32768,-32768,-32768,-32768,-32768,-32768,-32768,-32768,-32768,-32768,-32768,-32768,  2912,  2916,  2929,  2944,  2949,  2948,  2943,  2935,  2928,  2924,  2921,  2922,  2918,  2909,  2898,  2885,  2864,  2843,  2832,  2826,  2823,  2826,  2828,  2827,  2832,  2846,  2862,  2877,  2886,  2889,  2887,  2880,  2872,  2865,  2857,  2848,  2847,  2856,  2861,  2861,  2861,  2859,  2854,  2846,  2844,  2849,  2851,  2847,  2844,  2841,  2845,  2855,  2859,  2859,  2860,  2862,  2864,  2868,  2865,  2856,  2845,  2833,  2828,  2831,  2843,  2864,  2877,  2881,  2882,  2881,  2881,  2880,  2882,  2873,  2882,  2900,  2906,  2900,  2893,  2884,  2875,  2866,  2866,  2874,  2873,  2865,  2869,  2882,  2892,  2897,  2898,  2899,  2901,  2906,  2909,  2912,  2922,  2932,  2937,  2932,  2910,  2902,-32768,-32768,  2884,  2858,  2873,  2892,-32768,  2990,  2989,  2989,  2985,  2978,  2980,  2989,  2991,  2982,  2971,  2960,  2957,  2961,  2960,  2954,  2949,  2944,  2943,  2942,  2933,  2916,  2910,  2918,  2917,  2906,  2902,  2903,  2903,  2903,  2901,  2897,  2900,
  2911,  2904,  2895,  2886,  2880,  2878,  2877,  2883,  2894,  2896,  2886,  2875,  2867,  2864,  2865,  2862,  2853,  2850,  2850,  2844,  2832,  2822,  2819,  2811,  2801,  2805,  2817,  2821,  2817,  2816,  2821,  2824,  2822,  2818,  2813,  2808,  2805,  2801,  2796,  2792,  2788,  2786,  2784,  2775,  2761,  2752,  2751,  2746,  2735,  2723,  2712,  2699,  2687,  2677,  2664,  2655,  2652,  2647,  2641,  2639,  2639,  2636,  2631,  2627,  2624,  2620,  2615,  2613,  2614,  2614,  2612,  2611,  2613,  2616,  2619,  2616,  2607,  2601,  2601,  2600,  2599,  2603,  2613,  2623,  2633,  2648,  2664,  2678,  2690,  2694,  2691,  2692,  2698,  2716,  2744,  2767,  2778,  2762,  2709,  2608,  2497,  2426,-32768,-32768,-32768,-32768,-32768,-32768,-32768,-32768,-32768,-32768,-32768,-32768,-32768,-32768,-32768,-32768,-32768,-32768,-32768,-32768,-32768,-32768,-32768,-32768,-32768,-32768,-32768,-32768,-32768,-32768,-32768,-32768,-32768,-32768,-32768,-32768,-32768,-32768,-32768,-32768,-32768,-32768,  2846,  2853,  2856,  2856,  2854,  2845,  2831,  2820,  2814,  2810,  2808,  2808,  2809,  2812,  2814,  2810,  2802,  2796,  2791,  2783,  2774,  2769,  2770,  2773,  2778,  2777,  2771,  2766,  2762,  2758,  2757,  2754,  2754,  2757,  2760,  2764,  2769,  2773,  2780,  2793,  2814,  2835,  2853,  2872,  2889,  2898,  2897,  2880,  2844,  2822,-32768,-32768,-32768,-32768,-32768,-32768,-32768,-32768,-32768,-32768,-32768,-32768,-32768,-32768,-32768,-32768,-32768,-32768,-32768,-32768,-32768,-32768,-32768,-32768,-32768,  2893,  2912,  2923,  2934,  2939,  2937,  2929,  2918,  2910,  2905,  2902,  2901,  2897,  2888,  2878,  2863,  2845,  2830,  2825,  2822,  2821,  2823,  2823,  2821,  2829,  2846,  2863,  2878,  2886,  2887,  2886,  2880,  2873,  2866,  2859,  2853,  2851,  2854,  2858,  2863,  2864,  2861,  2854,  2845,  2839,  2838,  2842,  2847,  2847,  2841,  2844,  2853,  2857,  2860,  2859,  2856,  2857,  2863,  2865,  2862,  2855,  2844,  2838,  2837,  2845,  2864,  2876,  2883,  2881,  2869,  2869,  2880,  2886,  2890,  2896,  2906,  2914,  2923,  2926,  2919,  2910,  2899,  2900,  2913,  2913,  2900,  2900,  2910,  2917,  2919,  2919,  2917,  2918,  2921,  2922,  2921,  2923,  2924,  2923,  2918,  2909,  2903,  2910,  2907,  2885,  2874,  2880,  2902,  2927,-32768,  2974,  2975,  2968,  2958,  2962,  2981,  2991,  2989,  2981,  2967,  2962,  2965,  2963,  2957,  2954,  2953,  2953,  2952,  2943,  2925,  2920,  2930,  2929,  2913,  2909,  2917,  2915,  2906,  2905,  2912,  2914,
  2916,  2909,  2903,  2898,  2895,  2895,  2895,  2897,  2904,  2903,  2893,  2885,  2879,  2877,  2879,  2877,  2871,  2867,  2865,  2854,  2837,  2825,  2822,  2818,  2816,  2825,  2841,  2844,  2836,  2835,  2844,  2845,  2837,  2832,  2830,  2828,  2825,  2822,  2818,  2813,  2809,  2805,  2800,  2788,  2773,  2763,  2757,  2751,  2743,  2732,  2718,  2702,  2686,  2672,  2658,  2647,  2644,  2638,  2632,  2630,  2629,  2628,  2625,  2622,  2616,  2609,  2602,  2597,  2595,  2594,  2593,  2591,  2592,  2593,  2596,  2594,  2588,  2582,  2578,  2574,  2570,  2572,  2579,  2588,  2598,  2611,  2627,  2641,  2656,  2663,  2662,  2663,  2667,  2684,  2716,  2748,  2769,  2763,  2720,  2630,  2508,  2426,-32768,-32768,-32768,-32768,-32768,-32768,-32768,-32768,-32768,-32768,-32768,-32768,-32768,-32768,-32768,-32768,-32768,-32768,-32768,-32768,-32768,-32768,-32768,-32768,-32768,-32768,-32768,-32768,-32768,-32768,-32768,-32768,-32768,-32768,-32768,-32768,-32768,-32768,-32768,-32768,-32768,  2858,  2850,  2852,  2854,  2849,  2841,  2829,  2813,  2802,  2796,  2791,  2788,  2787,  2787,  2788,  2788,  2785,  2778,  2771,  2764,  2755,  2746,  2741,  2742,  2744,  2747,  2747,  2743,  2741,  2738,  2733,  2726,  2718,  2715,  2716,  2718,  2722,  2726,  2729,  2734,  2745,  2765,  2785,  2804,  2825,  2845,  2859,  2863,  2854,  2827,  2810,-32768,-32768,-32768,-32768,-32768,-32768,-32768,-32768,-32768,-32768,-32768,-32768,-32768,-32768,-32768,-32768,-32768,-32768,-32768,-32768,-32768,-32768,-32768,-32768,-32768,-32768,  2906,  2913,  2921,  2926,  2925,  2917,  2904,  2891,  2879,  2871,  2870,  2868,  2863,  2856,  2845,  2831,  2817,  2816,  2822,  2825,  2826,  2822,  2818,  2825,  2844,  2861,  2875,  2882,  2883,  2881,  2875,  2868,  2859,  2852,  2849,  2847,  2846,  2849,  2856,  2858,  2853,  2845,  2837,  2831,  2828,  2830,  2837,  2838,  2833,  2835,  2843,  2849,  2854,  2854,  2848,  2849,  2856,  2862,  2864,  2862,  2855,  2850,  2848,  2853,  2865,  2874,  2882,  2882,  2870,  2870,  2884,  2893,  2900,  2908,  2918,  2928,  2942,  2950,  2948,  2941,  2931,  2930,  2941,  2941,  2930,  2927,  2934,  2939,  2941,  2940,  2935,  2930,  2931,  2931,  2932,  2932,  2927,  2921,  2916,  2916,  2921,  2922,  2920,  2912,  2897,  2894,  2910,  2924,  2939,  2957,  2958,  2954,  2946,  2952,  2972,  2983,  2984,  2978,  2967,  2961,  2961,  2959,  2957,  2956,  2956,  2955,  2952,  2944,  2930,  2928,  2938,  2938,  2924,  2921,  2929,  2927,  2914,  2913,  2924,  2925,
  2920,  2915,  2912,  2910,  2912,  2912,  2908,  2905,  2907,  2904,  2896,  2890,  2885,  2883,  2883,  2882,  2883,  2880,  2874,  2860,  2840,  2822,  2809,  2808,  2819,  2833,  2845,  2850,  2848,  2849,  2853,  2852,  2847,  2841,  2837,  2835,  2834,  2834,  2834,  2831,  2825,  2820,  2811,  2797,  2780,  2766,  2756,  2749,  2745,  2733,  2715,  2697,  2680,  2667,  2655,  2645,  2639,  2633,  2628,  2626,  2624,  2623,  2622,  2616,  2604,  2594,  2584,  2576,  2569,  2567,  2570,  2570,  2567,  2567,  2569,  2569,  2565,  2560,  2553,  2547,  2543,  2540,  2540,  2545,  2554,  2567,  2583,  2597,  2612,  2622,  2626,  2632,  2639,  2656,  2688,  2721,  2741,  2732,  2689,  2625,  2536,  2423,  2301,-32768,-32768,-32768,-32768,-32768,-32768,-32768,-32768,-32768,-32768,-32768,-32768,-32768,-32768,-32768,-32768,-32768,-32768,-32768,-32768,-32768,-32768,-32768,-32768,-32768,-32768,-32768,-32768,-32768,-32768,-32768,-32768,-32768,-32768,-32768,-32768,-32768,-32768,-32768,  2878,  2866,  2860,  2857,  2852,  2841,  2824,  2809,  2797,  2787,  2781,  2773,  2763,  2760,  2761,  2761,  2756,  2753,  2752,  2746,  2736,  2727,  2721,  2717,  2716,  2714,  2712,  2711,  2712,  2716,  2717,  2710,  2694,  2681,  2679,  2678,  2676,  2677,  2680,  2682,  2686,  2693,  2706,  2723,  2744,  2767,  2791,  2807,  2811,  2814,  2810,  2806,-32768,-32768,-32768,-32768,-32768,-32768,-32768,-32768,-32768,-32768,-32768,-32768,-32768,-32768,-32768,-32768,-32768,-32768,-32768,-32768,-32768,-32768,-32768,-32768,-32768,-32768,  2899,  2903,  2909,  2914,  2919,  2913,  2900,  2879,  2850,  2832,  2832,  2835,  2838,  2837,  2832,  2819,  2800,  2800,  2817,  2825,  2825,  2819,  2812,  2820,  2839,  2855,  2866,  2873,  2877,  2875,  2866,  2856,  2845,  2838,  2838,  2835,  2831,  2832,  2840,  2842,  2835,  2828,  2822,  2818,  2816,  2815,  2816,  2818,  2818,  2823,  2830,  2836,  2841,  2842,  2838,  2839,  2844,  2852,  2859,  2862,  2861,  2860,  2860,  2861,  2863,  2867,  2876,  2881,  2879,  2883,  2892,  2898,  2904,  2916,  2933,  2946,  2952,  2961,  2967,  2964,  2956,  2950,  2949,  2949,  2945,  2945,  2950,  2957,  2962,  2961,  2952,  2934,  2931,  2933,  2938,  2938,  2936,  2929,  2923,  2928,  2941,  2947,  2932,  2928,  2915,  2905,  2904,  2916,  2938,  2949,  2947,  2946,  2947,  2953,  2962,  2968,  2968,  2966,  2962,  2956,  2948,  2946,  2951,  2953,  2950,  2947,  2944,  2938,  2931,  2932,  2938,  2941,  2937,  2936,  2938,  2935,  2923,  2921,  2929,  2929,
  2920,  2916,  2914,  2915,  2920,  2922,  2917,  2912,  2910,  2907,  2902,  2897,  2892,  2890,  2888,  2886,  2885,  2881,  2872,  2857,  2837,  2820,  2806,  2806,  2820,  2833,  2842,  2847,  2848,  2851,  2856,  2856,  2852,  2848,  2843,  2842,  2842,  2843,  2844,  2840,  2833,  2825,  2816,  2802,  2785,  2768,  2752,  2742,  2738,  2728,  2712,  2698,  2684,  2672,  2661,  2651,  2643,  2635,  2630,  2626,  2623,  2621,  2622,  2613,  2596,  2583,  2572,  2561,  2550,  2547,  2551,  2549,  2542,  2539,  2540,  2541,  2539,  2534,  2525,  2517,  2513,  2509,  2505,  2508,  2517,  2531,  2548,  2559,  2567,  2571,  2572,  2578,  2587,  2604,  2637,  2670,  2690,  2682,  2643,  2601,  2544,  2435,  2323,  2297,-32768,-32768,-32768,-32768,-32768,-32768,-32768,-32768,-32768,-32768,-32768,-32768,-32768,-32768,-32768,-32768,-32768,-32768,-32768,-32768,-32768,-32768,-32768,-32768,-32768,-32768,-32768,-32768,-32768,-32768,-32768,-32768,-32768,-32768,-32768,-32768,-32768,-32768,  2871,  2869,  2864,  2857,  2847,  2831,  2811,  2796,  2785,  2774,  2766,  2754,  2741,  2733,  2732,  2731,  2728,  2727,  2725,  2718,  2707,  2700,  2696,  2693,  2690,  2685,  2679,  2677,  2682,  2687,  2688,  2681,  2663,  2649,  2644,  2639,  2633,  2632,  2632,  2634,  2638,  2642,  2649,  2658,  2673,  2694,  2719,  2738,  2748,  2758,  2766,  2801,-32768,-32768,-32768,-32768,-32768,-32768,-32768,-32768,-32768,-32768,-32768,-32768,-32768,-32768,-32768,-32768,-32768,-32768,-32768,-32768,-32768,-32768,-32768,-32768,-32768,-32768,  2891,  2894,  2899,  2904,  2909,  2903,  2890,  2871,  2845,  2815,  2811,  2816,  2823,  2826,  2825,  2812,  2790,  2790,  2807,  2815,  2813,  2809,  2807,  2815,  2830,  2844,  2854,  2862,  2866,  2861,  2849,  2840,  2833,  2831,  2833,  2831,  2824,  2823,  2827,  2824,  2814,  2808,  2806,  2802,  2798,  2795,  2796,  2797,  2800,  2806,  2811,  2817,  2823,  2825,  2824,  2825,  2828,  2836,  2846,  2852,  2855,  2858,  2859,  2858,  2856,  2859,  2868,  2876,  2880,  2886,  2895,  2900,  2905,  2917,  2936,  2949,  2957,  2968,  2975,  2974,  2968,  2962,  2958,  2958,  2960,  2962,  2967,  2977,  2989,  2990,  2962,-32768,-32768,-32768,-32768,-32768,  2958,  2949,  2937,  2942,  2962,  2972,-32768,  2917,  2908,  2900,  2899,  2909,  2928,  2937,  2937,  2938,  2941,  2945,  2950,  2952,  2952,  2953,  2953,  2949,  2943,  2942,  2947,  2951,  2950,  2944,  2937,  2931,  2929,  2932,  2935,  2938,  2939,  2941,  2945,  2942,  2929,  2923,  2929,  2928,
  2921,  2916,  2910,  2912,  2920,  2925,  2923,  2920,  2917,  2913,  2910,  2907,  2901,  2899,  2897,  2890,  2883,  2874,  2862,  2848,  2833,  2822,  2815,  2814,  2821,  2829,  2834,  2838,  2840,  2846,  2854,  2857,  2855,  2852,  2851,  2850,  2848,  2846,  2845,  2839,  2828,  2818,  2810,  2800,  2789,  2771,  2747,  2733,  2725,  2718,  2711,  2704,  2699,  2689,  2675,  2663,  2652,  2643,  2635,  2629,  2622,  2621,  2624,  2614,  2594,  2579,  2567,  2555,  2542,  2536,  2537,  2530,  2518,  2512,  2512,  2513,  2513,  2508,  2496,  2488,  2483,  2479,  2476,  2479,  2487,  2502,  2521,  2527,  2522,  2515,  2504,  2505,  2514,  2533,  2565,  2598,  2623,  2620,  2590,  2566,  2532,  2466,  2392,  2357,-32768,-32768,-32768,-32768,-32768,-32768,-32768,-32768,-32768,-32768,-32768,-32768,-32768,-32768,-32768,-32768,-32768,-32768,-32768,-32768,-32768,-32768,-32768,-32768,-32768,-32768,-32768,-32768,-32768,-32768,-32768,-32768,-32768,-32768,-32768,-32768,-32768,  2847,  2857,  2859,  2859,  2853,  2839,  2822,  2806,  2792,  2780,  2767,  2755,  2742,  2726,  2714,  2706,  2705,  2707,  2705,  2698,  2689,  2679,  2673,  2670,  2667,  2662,  2655,  2646,  2645,  2653,  2657,  2653,  2646,  2632,  2618,  2606,  2596,  2588,  2585,  2584,  2586,  2590,  2592,  2593,  2593,  2596,  2608,  2630,  2653,  2673,  2688,  2695,-32768,-32768,-32768,-32768,-32768,-32768,-32768,-32768,-32768,-32768,-32768,-32768,-32768,-32768,-32768,-32768,-32768,-32768,-32768,-32768,-32768,-32768,-32768,-32768,-32768,-32768,-32768,  2883,  2886,  2890,  2893,  2893,  2886,  2872,  2863,  2842,-32768,  2807,  2810,  2814,  2817,  2818,  2807,  2788,  2785,  2796,  2798,  2792,  2792,  2801,  2811,  2820,  2830,  2841,  2847,  2845,  2836,  2821,  2817,  2823,  2829,  2834,  2833,  2825,  2818,  2813,  2804,  2792,  2787,  2787,  2783,  2774,  2772,  2778,  2780,  2779,  2783,  2788,  2792,  2797,  2801,  2805,  2807,  2809,  2816,  2825,  2833,  2839,  2843,  2844,  2845,  2844,  2850,  2861,  2870,  2872,  2880,  2894,  2901,  2904,  2912,  2925,  2941,  2959,  2973,  2977,  2975,  2973,  2971,  2968,  2970,  2975,  2977,  2976,  2988,  3018,  3023,-32768,-32768,-32768,-32768,-32768,-32768,  2980,  2971,  2949,  2954,  2978,  2990,-32768,  2894,  2882,  2883,  2897,  2907,  2909,  2914,  2924,  2928,  2927,  2929,  2935,  2937,  2937,  2939,  2940,  2942,  2944,  2945,  2946,  2951,  2956,  2950,  2936,  2928,  2926,  2928,  2930,  2932,  2934,  2941,  2955,  2954,  2935,  2925,  2928,  2926,
  2924,  2917,  2907,  2906,  2914,  2920,  2923,  2922,  2916,  2912,  2913,  2908,  2898,  2893,  2892,  2885,  2876,  2867,  2858,  2848,  2837,  2830,  2826,  2823,  2821,  2824,  2829,  2831,  2832,  2840,  2853,  2858,  2856,  2853,  2849,  2847,  2845,  2842,  2839,  2831,  2819,  2809,  2800,  2793,  2786,  2770,  2745,  2729,  2723,  2718,  2714,  2710,  2705,  2697,  2685,  2671,  2656,  2643,  2636,  2629,  2622,  2618,  2618,  2610,  2595,  2581,  2568,  2556,  2545,  2536,  2529,  2518,  2504,  2497,  2494,  2493,  2492,  2486,  2475,  2467,  2461,  2457,  2454,  2455,  2460,  2471,  2485,  2488,  2479,  2468,  2455,  2451,  2456,  2472,  2502,  2531,  2553,  2555,  2538,  2529,  2517,  2482,  2433,  2397,-32768,-32768,-32768,-32768,-32768,-32768,-32768,-32768,-32768,-32768,-32768,-32768,-32768,-32768,-32768,-32768,-32768,-32768,-32768,-32768,-32768,-32768,-32768,-32768,-32768,-32768,-32768,-32768,-32768,-32768,-32768,-32768,-32768,-32768,-32768,-32768,-32768,  2847,  2850,  2854,  2855,  2848,  2833,  2817,  2802,  2788,  2775,  2762,  2750,  2735,  2719,  2703,  2689,  2685,  2686,  2683,  2674,  2666,  2657,  2651,  2646,  2640,  2634,  2624,  2612,  2610,  2618,  2621,  2616,  2608,  2597,  2584,  2570,  2559,  2551,  2546,  2544,  2543,  2545,  2545,  2543,  2537,  2532,  2534,  2547,  2563,  2575,  2586,  2656,-32768,-32768,-32768,-32768,-32768,-32768,-32768,-32768,-32768,-32768,-32768,-32768,-32768,-32768,-32768,-32768,-32768,-32768,-32768,-32768,-32768,-32768,-32768,-32768,-32768,-32768,-32768,  2867,  2870,  2877,  2879,  2878,  2875,  2865,  2859,-32768,-32768,  2798,  2799,  2801,  2802,  2802,  2793,  2781,  2779,  2783,  2782,  2775,  2778,  2790,  2801,  2810,  2817,  2824,  2825,  2819,  2807,  2793,  2792,  2806,  2816,  2821,  2821,  2816,  2807,  2795,  2782,  2769,  2763,  2763,  2761,  2753,  2752,  2759,  2760,  2756,  2756,  2759,  2760,  2763,  2768,  2774,  2780,  2785,  2791,  2798,  2804,  2812,  2815,  2817,  2821,  2827,  2837,  2850,  2860,  2865,  2875,  2890,  2899,  2903,  2911,  2926,  2941,  2957,  2970,  2973,  2971,  2970,  2971,  2971,  2973,  2976,  2982,-32768,-32768,  3033,  3038,-32768,-32768,-32768,-32768,-32768,  2924,  2957,  2955,  2940,  2949,  2973,  2985,-32768,-32768,  2868,  2869,  2886,  2897,  2896,  2897,  2901,  2904,  2906,  2910,  2915,  2917,  2918,  2922,  2926,  2932,  2939,  2940,  2937,  2941,  2949,  2946,  2935,  2927,  2921,  2918,  2918,  2921,  2928,  2938,  2954,  2955,  2939,  2930,  2932,  2930,
  2928,  2918,  2904,  2898,  2901,  2907,  2913,  2913,  2905,  2903,  2910,  2902,  2881,  2873,  2874,  2871,  2866,  2864,  2862,  2857,  2849,  2844,  2840,  2831,  2820,  2819,  2824,  2826,  2823,  2831,  2849,  2856,  2853,  2846,  2836,  2832,  2834,  2833,  2830,  2824,  2814,  2802,  2792,  2784,  2778,  2766,  2747,  2735,  2731,  2727,  2722,  2713,  2702,  2693,  2688,  2674,  2652,  2637,  2631,  2627,  2623,  2616,  2606,  2601,  2599,  2591,  2576,  2565,  2558,  2545,  2526,  2512,  2501,  2493,  2487,  2481,  2477,  2470,  2463,  2455,  2448,  2442,  2437,  2436,  2437,  2441,  2446,  2444,  2439,  2433,  2426,  2421,  2413,  2423,  2450,  2472,  2485,  2491,  2491,  2498,  2501,  2477,  2421,  2362,  2291,  2259,-32768,-32768,-32768,-32768,-32768,-32768,-32768,-32768,-32768,-32768,-32768,-32768,-32768,-32768,-32768,-32768,-32768,-32768,-32768,-32768,-32768,-32768,-32768,-32768,-32768,-32768,-32768,-32768,-32768,-32768,-32768,-32768,-32768,-32768,-32768,  2841,  2848,  2855,  2853,  2844,  2829,  2813,  2797,  2782,  2770,  2758,  2748,  2734,  2716,  2699,  2681,  2672,  2668,  2662,  2655,  2648,  2642,  2634,  2623,  2614,  2607,  2595,  2579,  2573,  2578,  2580,  2578,  2571,  2559,  2548,  2538,  2530,  2524,  2519,  2513,  2507,  2504,  2501,  2496,  2488,  2481,  2474,  2474,  2469,  2453,  2447,-32768,-32768,-32768,-32768,-32768,-32768,-32768,-32768,-32768,-32768,-32768,-32768,-32768,-32768,-32768,-32768,-32768,-32768,-32768,-32768,-32768,-32768,-32768,-32768,-32768,-32768,-32768,-32768,  2846,  2849,  2860,  2865,  2865,  2872,  2867,-32768,-32768,-32768,  2786,  2783,  2785,  2784,  2777,  2771,  2770,  2770,  2770,  2767,  2763,  2765,  2773,  2784,  2797,  2801,  2798,  2794,  2788,  2779,  2767,  2769,  2783,  2791,  2792,  2793,  2795,  2788,  2773,  2759,  2746,  2738,  2735,  2735,  2734,  2735,  2739,  2737,  2730,  2726,  2725,  2724,  2722,  2725,  2733,  2744,  2756,  2762,  2763,  2767,  2775,  2778,  2780,  2790,  2806,  2819,  2831,  2845,  2859,  2871,  2882,  2891,  2899,  2913,  2935,  2948,  2952,  2959,  2964,  2963,  2961,  2963,  2966,  2967,  2967,-32768,-32768,-32768,-32768,-32768,-32768,-32768,-32768,-32768,-32768,-32768,  2890,  2894,  2895,  2907,  2920,  2916,-32768,-32768,-32768,  2857,  2868,  2882,  2889,  2883,  2867,  2866,  2878,  2886,  2889,  2892,  2896,  2904,  2912,  2920,  2927,  2926,  2918,  2919,  2925,  2928,  2929,  2922,  2908,  2901,  2902,  2907,  2919,  2929,  2939,  2943,  2938,  2935,  2937,  2935,
  2925,  2914,  2901,  2894,  2893,  2897,  2903,  2902,  2895,  2893,  2897,  2887,  2863,  2852,  2851,  2850,  2849,  2852,  2856,  2854,  2848,  2843,  2837,  2827,  2815,  2813,  2817,  2818,  2815,  2820,  2835,  2843,  2844,  2839,  2830,  2824,  2823,  2822,  2820,  2816,  2807,  2797,  2787,  2780,  2773,  2764,  2751,  2742,  2738,  2732,  2724,  2716,  2704,  2697,  2692,  2677,  2655,  2638,  2631,  2628,  2626,  2619,  2607,  2601,  2600,  2593,  2582,  2574,  2568,  2554,  2531,  2514,  2504,  2496,  2488,  2479,  2469,  2461,  2455,  2447,  2435,  2427,  2419,  2416,  2417,  2414,  2408,  2402,  2399,  2397,  2396,  2393,  2387,  2392,  2409,  2420,  2425,  2431,  2440,  2458,  2477,  2472,  2430,  2374,  2319,  2280,  2269,  2257,-32768,-32768,-32768,-32768,-32768,-32768,-32768,-32768,-32768,-32768,-32768,-32768,-32768,-32768,-32768,-32768,-32768,-32768,-32768,-32768,-32768,-32768,-32768,-32768,-32768,-32768,-32768,-32768,-32768,-32768,-32768,-32768,-32768,  2825,  2835,  2846,  2847,  2840,  2827,  2811,  2795,  2781,  2769,  2758,  2749,  2737,  2722,  2703,  2684,  2670,  2660,  2652,  2645,  2637,  2628,  2620,  2608,  2596,  2587,  2574,  2558,  2550,  2549,  2548,  2544,  2537,  2526,  2516,  2507,  2501,  2499,  2496,  2490,  2481,  2471,  2463,  2456,  2447,  2438,  2427,  2417,  2391,  2343,  2319,-32768,-32768,-32768,-32768,-32768,-32768,-32768,-32768,-32768,-32768,-32768,-32768,-32768,-32768,-32768,-32768,-32768,-32768,-32768,-32768,-32768,-32768,-32768,-32768,-32768,-32768,-32768,  2818,  2832,  2835,  2848,  2853,  2858,-32768,-32768,-32768,-32768,  2802,  2785,  2776,  2775,  2772,  2764,  2759,  2758,  2756,  2753,  2751,  2750,  2751,  2753,  2760,  2773,  2775,  2767,  2759,  2753,  2748,  2743,  2746,  2755,  2758,  2754,  2755,  2760,  2759,  2750,  2739,  2727,  2718,  2714,  2712,  2714,  2715,  2717,  2715,  2708,  2701,  2693,  2687,  2683,  2685,  2693,  2705,  2719,  2726,  2725,  2728,  2735,  2738,  2739,  2751,  2772,  2788,  2801,  2821,  2844,  2861,  2870,  2878,  2884,  2903,  2934,  2948,  2942,  2947,  2961,  2965,  2961,  2961,  2963,  2964,  2963,-32768,-32768,-32768,-32768,-32768,-32768,-32768,-32768,-32768,-32768,-32768,-32768,  2853,  2857,  2863,  2862,  2866,-32768,-32768,-32768,  2850,  2852,  2863,  2872,  2862,  2840,  2837,  2850,  2858,  2862,  2866,  2871,  2881,  2891,  2898,  2902,  2899,  2892,  2890,  2894,  2902,  2910,  2907,  2895,  2888,  2888,  2894,  2907,  2916,  2923,  2930,  2931,  2931,  2935,  2933,
  2913,  2905,  2900,  2896,  2892,  2891,  2891,  2889,  2886,  2883,  2876,  2863,  2845,  2832,  2823,  2820,  2823,  2828,  2836,  2836,  2830,  2824,  2816,  2810,  2805,  2803,  2803,  2804,  2806,  2808,  2813,  2820,  2831,  2836,  2835,  2828,  2818,  2812,  2810,  2806,  2800,  2793,  2787,  2780,  2771,  2763,  2756,  2747,  2738,  2729,  2720,  2714,  2710,  2705,  2697,  2683,  2665,  2649,  2637,  2633,  2632,  2627,  2621,  2611,  2597,  2588,  2586,  2581,  2574,  2560,  2540,  2524,  2511,  2503,  2496,  2485,  2469,  2459,  2454,  2443,  2426,  2413,  2403,  2399,  2400,  2392,  2375,  2364,  2362,  2363,  2366,  2371,  2377,  2380,  2379,  2376,  2375,  2379,  2389,  2412,  2445,  2459,  2445,  2413,  2370,  2331,  2299,  2282,  2297,-32768,-32768,-32768,-32768,-32768,-32768,-32768,-32768,-32768,-32768,-32768,-32768,-32768,-32768,-32768,-32768,-32768,-32768,-32768,-32768,-32768,-32768,-32768,-32768,-32768,-32768,-32768,-32768,-32768,-32768,-32768,  2778,  2799,  2813,  2828,  2839,  2837,  2825,  2812,  2796,  2784,  2775,  2764,  2753,  2743,  2732,  2717,  2697,  2680,  2664,  2654,  2647,  2635,  2620,  2610,  2601,  2588,  2574,  2562,  2552,  2542,  2533,  2524,  2515,  2507,  2500,  2490,  2477,  2473,  2474,  2475,  2472,  2461,  2443,  2431,  2423,  2414,  2402,  2391,  2381,  2339,  2264,  2226,-32768,-32768,-32768,-32768,-32768,-32768,-32768,-32768,-32768,-32768,-32768,-32768,-32768,-32768,-32768,-32768,-32768,-32768,-32768,-32768,-32768,-32768,-32768,-32768,-32768,  2781,  2779,  2806,  2818,  2827,  2837,  2842,-32768,-32768,-32768,-32768,-32768,  2789,  2786,  2779,  2771,  2765,  2760,  2752,  2744,  2737,  2733,  2733,  2738,  2737,  2729,  2730,  2740,  2741,  2732,  2724,  2717,  2716,  2720,  2722,  2720,  2716,  2712,  2712,  2717,  2722,  2726,  2722,  2709,  2700,  2695,  2692,  2691,  2691,  2693,  2693,  2690,  2680,  2663,  2652,  2649,  2651,  2658,  2666,  2675,  2682,  2685,  2688,  2693,  2694,  2693,  2706,  2728,  2746,  2763,  2789,  2822,  2845,  2855,  2860,  2861,  2883,  2924,  2940,  2927,  2935,  2964,  2975,  2970,  2966,  2949,-32768,-32768,-32768,-32768,-32768,-32768,-32768,-32768,-32768,-32768,-32768,-32768,-32768,-32768,-32768,-32768,  2820,  2817,-32768,-32768,-32768,-32768,-32768,  2838,  2841,  2842,  2834,  2823,  2821,  2823,  2828,  2835,  2840,  2845,  2853,  2862,  2864,  2862,  2859,  2857,  2855,  2856,  2865,  2875,  2879,  2877,  2874,  2873,  2878,  2889,  2898,  2906,  2914,  2916,  2919,  2925,  2923,
  2902,  2898,  2893,  2889,  2884,  2879,  2875,  2871,  2869,  2864,  2853,  2838,  2824,  2811,  2798,  2797,  2807,  2815,  2820,  2819,  2813,  2806,  2799,  2795,  2794,  2791,  2789,  2790,  2793,  2793,  2793,  2802,  2817,  2826,  2829,  2824,  2812,  2805,  2799,  2793,  2787,  2783,  2784,  2782,  2774,  2768,  2761,  2752,  2741,  2729,  2717,  2712,  2711,  2706,  2697,  2685,  2671,  2657,  2644,  2641,  2642,  2639,  2634,  2624,  2607,  2596,  2593,  2589,  2581,  2568,  2549,  2533,  2521,  2513,  2508,  2496,  2479,  2466,  2458,  2444,  2426,  2409,  2394,  2389,  2393,  2385,  2363,  2349,  2346,  2345,  2346,  2350,  2357,  2356,  2347,  2338,  2333,  2336,  2346,  2368,  2401,  2422,  2424,  2417,  2401,  2386,  2367,  2345,  2322,  2327,-32768,-32768,-32768,-32768,-32768,-32768,-32768,-32768,-32768,-32768,-32768,-32768,-32768,-32768,-32768,-32768,-32768,-32768,-32768,-32768,-32768,-32768,-32768,-32768,-32768,-32768,-32768,-32768,-32768,-32768,  2772,  2782,  2800,  2815,  2826,  2825,  2816,  2805,  2792,  2782,  2774,  2766,  2757,  2747,  2736,  2720,  2701,  2683,  2668,  2658,  2649,  2633,  2614,  2602,  2594,  2582,  2568,  2557,  2549,  2538,  2522,  2509,  2497,  2487,  2479,  2468,  2455,  2449,  2448,  2448,  2447,  2437,  2418,  2403,  2393,  2383,  2370,  2359,  2349,  2305,  2227,  2177,-32768,-32768,-32768,-32768,-32768,-32768,-32768,-32768,-32768,-32768,-32768,-32768,-32768,-32768,-32768,-32768,-32768,-32768,-32768,-32768,-32768,-32768,-32768,-32768,  2787,  2781,  2780,  2790,  2807,  2818,  2827,  2835,-32768,-32768,-32768,-32768,-32768,  2781,  2782,  2777,  2766,  2757,  2749,  2740,  2732,  2727,  2724,  2725,  2727,  2722,  2709,  2704,  2709,  2708,  2701,  2695,  2689,  2689,  2694,  2694,  2689,  2684,  2681,  2680,  2681,  2687,  2697,  2697,  2688,  2680,  2674,  2671,  2670,  2669,  2670,  2669,  2666,  2654,  2634,  2621,  2617,  2618,  2623,  2628,  2633,  2638,  2641,  2644,  2648,  2649,  2647,  2657,  2677,  2696,  2717,  2748,  2786,  2816,  2833,  2842,  2846,  2870,  2914,  2935,  2930,  2941,  2967,  2977,  2972,  2968,-32768,-32768,-32768,-32768,-32768,-32768,-32768,-32768,-32768,-32768,-32768,-32768,-32768,-32768,-32768,-32768,-32768,-32768,-32768,-32768,-32768,-32768,-32768,-32768,  2831,  2821,  2817,  2805,  2794,  2791,  2790,  2792,  2799,  2804,  2809,  2816,  2821,  2820,  2817,  2816,  2817,  2817,  2821,  2831,  2843,  2851,  2853,  2852,  2851,  2857,  2866,  2874,  2882,  2890,  2895,  2898,  2903,  2904,
  2891,  2891,  2877,  2869,  2865,  2859,  2854,  2849,  2845,  2840,  2828,  2814,  2799,  2787,  2777,  2783,  2803,  2812,  2812,  2808,  2801,  2794,  2788,  2784,  2780,  2777,  2775,  2776,  2778,  2779,  2782,  2791,  2805,  2813,  2815,  2813,  2808,  2800,  2788,  2778,  2769,  2770,  2780,  2785,  2781,  2775,  2764,  2754,  2745,  2733,  2719,  2711,  2707,  2702,  2695,  2686,  2675,  2664,  2653,  2651,  2656,  2653,  2645,  2636,  2627,  2616,  2602,  2593,  2589,  2577,  2559,  2545,  2535,  2528,  2523,  2513,  2499,  2483,  2466,  2450,  2433,  2413,  2391,  2386,  2396,  2392,  2369,  2354,  2348,  2341,  2335,  2330,  2329,  2325,  2317,  2308,  2302,  2303,  2312,  2326,  2346,  2363,  2373,  2383,  2394,  2407,  2414,  2396,  2355,  2331,-32768,-32768,-32768,-32768,-32768,-32768,-32768,-32768,-32768,-32768,-32768,-32768,-32768,-32768,-32768,-32768,-32768,-32768,-32768,-32768,-32768,-32768,-32768,-32768,-32768,-32768,-32768,-32768,-32768,-32768,  2754,  2772,  2796,  2809,  2810,  2807,  2800,  2791,  2782,  2775,  2768,  2764,  2760,  2751,  2735,  2715,  2694,  2678,  2671,  2662,  2648,  2629,  2608,  2595,  2588,  2578,  2567,  2556,  2545,  2532,  2513,  2499,  2490,  2477,  2462,  2449,  2440,  2431,  2421,  2417,  2417,  2410,  2395,  2379,  2366,  2354,  2342,  2329,  2315,  2282,  2225,  2170,  2132,-32768,-32768,-32768,-32768,-32768,-32768,-32768,-32768,-32768,-32768,-32768,-32768,-32768,-32768,-32768,-32768,-32768,-32768,-32768,-32768,-32768,-32768,  2801,  2786,  2778,  2778,  2785,  2798,  2809,  2818,  2829,  2816,-32768,-32768,-32768,-32768,  2780,  2778,  2771,  2759,  2747,  2732,  2724,  2724,  2725,  2727,  2725,  2718,  2708,  2695,  2686,  2683,  2679,  2674,  2670,  2666,  2663,  2662,  2663,  2663,  2663,  2665,  2662,  2655,  2656,  2665,  2669,  2667,  2661,  2652,  2649,  2651,  2651,  2650,  2646,  2637,  2624,  2608,  2596,  2589,  2588,  2590,  2591,  2594,  2595,  2594,  2597,  2601,  2601,  2599,  2606,  2621,  2640,  2666,  2697,  2733,  2770,  2801,  2821,  2834,  2860,  2898,  2930,  2951,  2964,  2972,  2974,  2971,-32768,-32768,-32768,-32768,-32768,-32768,-32768,-32768,-32768,-32768,-32768,-32768,-32768,-32768,-32768,-32768,-32768,-32768,-32768,-32768,-32768,-32768,-32768,-32768,-32768,-32768,  2813,  2797,  2780,  2758,  2750,  2753,  2755,  2756,  2760,  2768,  2771,  2768,  2765,  2767,  2771,  2774,  2779,  2790,  2803,  2816,  2824,  2827,  2826,  2825,  2830,  2838,  2844,  2852,  2862,  2869,  2872,  2871,  2878,
  2862,  2864,  2849,  2840,  2837,  2832,  2828,  2822,  2814,  2806,  2796,  2785,  2775,  2765,  2757,  2765,  2788,  2798,  2798,  2794,  2788,  2782,  2778,  2774,  2770,  2765,  2761,  2762,  2766,  2770,  2776,  2785,  2796,  2802,  2803,  2801,  2795,  2786,  2773,  2763,  2757,  2761,  2775,  2783,  2783,  2776,  2760,  2749,  2743,  2732,  2717,  2706,  2699,  2694,  2691,  2685,  2678,  2670,  2664,  2662,  2666,  2663,  2653,  2644,  2635,  2621,  2603,  2593,  2590,  2581,  2564,  2554,  2551,  2546,  2540,  2531,  2520,  2503,  2479,  2459,  2445,  2426,  2403,  2394,  2400,  2396,  2378,  2364,  2353,  2342,  2329,  2318,  2312,  2305,  2297,  2289,  2282,  2280,  2285,  2291,  2300,  2311,  2323,  2338,  2358,  2384,  2404,  2391,  2345,  2316,-32768,-32768,-32768,-32768,-32768,-32768,-32768,-32768,-32768,-32768,-32768,-32768,-32768,-32768,-32768,-32768,-32768,-32768,-32768,-32768,-32768,-32768,-32768,-32768,-32768,-32768,-32768,-32768,-32768,  2707,  2738,  2764,  2782,  2790,  2790,  2786,  2780,  2773,  2768,  2764,  2759,  2757,  2757,  2750,  2734,  2717,  2699,  2685,  2679,  2669,  2651,  2629,  2606,  2592,  2588,  2579,  2566,  2553,  2539,  2526,  2510,  2497,  2485,  2470,  2451,  2436,  2426,  2413,  2399,  2393,  2390,  2384,  2372,  2359,  2344,  2330,  2316,  2303,  2287,  2261,  2217,  2161,  2116,  2078,-32768,-32768,-32768,-32768,-32768,-32768,-32768,-32768,-32768,-32768,-32768,-32768,-32768,-32768,-32768,-32768,-32768,-32768,-32768,-32768,  2809,  2797,  2784,  2774,  2772,  2776,  2787,  2799,  2812,  2822,-32768,-32768,-32768,-32768,  2775,  2774,  2767,  2757,  2746,  2734,  2721,  2717,  2722,  2725,  2727,  2720,  2706,  2693,  2682,  2671,  2665,  2660,  2654,  2648,  2641,  2634,  2628,  2627,  2628,  2633,  2642,  2640,  2628,  2626,  2634,  2638,  2637,  2633,  2626,  2623,  2624,  2623,  2621,  2617,  2610,  2598,  2584,  2570,  2559,  2554,  2554,  2551,  2547,  2544,  2542,  2543,  2545,  2546,  2548,  2556,  2570,  2590,  2619,  2650,  2685,  2726,  2768,  2799,  2821,  2849,  2888,  2925,  2961,  2976,  2976,-32768,-32768,-32768,-32768,-32768,-32768,-32768,-32768,-32768,-32768,-32768,-32768,-32768,-32768,-32768,-32768,-32768,-32768,-32768,-32768,-32768,-32768,-32768,-32768,-32768,-32768,-32768,-32768,-32768,  2788,  2764,  2739,  2727,  2728,  2730,  2729,  2728,  2728,  2725,  2716,  2710,  2711,  2719,  2730,  2740,  2753,  2765,  2774,  2783,  2791,  2792,  2792,  2796,  2803,  2810,  2818,  2827,  2834,  2837,  2836,  2845,
  2816,  2819,  2812,  2807,  2804,  2799,  2798,  2790,  2775,  2764,  2755,  2749,  2748,  2742,  2734,  2740,  2757,  2767,  2773,  2775,  2771,  2768,  2766,  2764,  2763,  2758,  2750,  2750,  2758,  2765,  2771,  2777,  2782,  2785,  2785,  2780,  2769,  2759,  2751,  2747,  2748,  2754,  2764,  2772,  2776,  2769,  2749,  2738,  2735,  2726,  2711,  2698,  2686,  2681,  2682,  2680,  2676,  2673,  2673,  2671,  2669,  2664,  2657,  2645,  2630,  2613,  2598,  2588,  2585,  2576,  2563,  2559,  2565,  2564,  2555,  2547,  2539,  2521,  2490,  2470,  2461,  2446,  2425,  2410,  2402,  2395,  2387,  2376,  2359,  2342,  2326,  2313,  2303,  2295,  2286,  2277,  2273,  2270,  2270,  2270,  2270,  2277,  2289,  2302,  2317,  2340,  2359,  2344,  2295,  2265,-32768,-32768,-32768,-32768,-32768,-32768,-32768,-32768,-32768,-32768,-32768,-32768,-32768,-32768,-32768,-32768,-32768,-32768,-32768,-32768,-32768,-32768,-32768,-32768,-32768,-32768,-32768,-32768,-32768,  2708,  2732,  2753,  2755,  2756,  2763,  2763,  2756,  2751,  2751,  2750,  2744,  2742,  2742,  2738,  2730,  2720,  2710,  2698,  2689,  2675,  2653,  2629,  2602,  2589,  2590,  2583,  2567,  2550,  2533,  2522,  2515,  2503,  2484,  2465,  2446,  2428,  2413,  2399,  2388,  2378,  2368,  2359,  2350,  2339,  2325,  2310,  2294,  2279,  2263,  2237,  2194,  2140,  2089,  2050,-32768,-32768,-32768,-32768,-32768,-32768,-32768,-32768,-32768,-32768,-32768,-32768,-32768,-32768,-32768,-32768,-32768,-32768,-32768,-32768,-32768,  2784,  2777,  2769,  2761,  2760,  2770,  2786,  2807,  2817,-32768,-32768,-32768,-32768,  2770,  2763,  2748,  2735,  2727,  2720,  2715,  2716,  2722,  2723,  2720,  2709,  2691,  2679,  2670,  2661,  2655,  2649,  2642,  2632,  2618,  2604,  2591,  2585,  2583,  2591,  2609,  2611,  2598,  2595,  2601,  2603,  2598,  2595,  2595,  2594,  2591,  2587,  2580,  2579,  2581,  2573,  2558,  2540,  2521,  2512,  2511,  2504,  2493,  2486,  2485,  2484,  2481,  2485,  2495,  2508,  2524,  2547,  2577,  2608,  2642,  2687,  2735,  2774,  2802,  2830,  2888,  2922,-32768,-32768,-32768,-32768,-32768,-32768,-32768,-32768,-32768,-32768,-32768,-32768,-32768,-32768,-32768,-32768,-32768,-32768,-32768,-32768,-32768,-32768,-32768,-32768,-32768,-32768,-32768,-32768,-32768,-32768,-32768,-32768,-32768,  2760,  2730,  2716,  2712,  2714,  2716,  2707,  2693,  2681,  2670,  2660,  2654,  2663,  2683,  2697,  2706,  2712,  2716,  2728,  2744,  2752,  2752,  2757,  2765,  2772,  2782,  2790,  2792,  2794,  2798,  2805,
  2767,  2771,  2774,  2772,  2765,  2757,  2753,  2745,  2732,  2724,  2720,  2718,  2719,  2714,  2707,  2714,  2731,  2740,  2745,  2750,  2755,  2756,  2755,  2753,  2752,  2748,  2742,  2744,  2751,  2755,  2753,  2754,  2758,  2759,  2759,  2755,  2745,  2737,  2731,  2731,  2738,  2743,  2746,  2751,  2757,  2751,  2734,  2725,  2723,  2716,  2703,  2690,  2679,  2674,  2672,  2671,  2669,  2668,  2667,  2666,  2666,  2662,  2654,  2641,  2623,  2606,  2591,  2581,  2578,  2573,  2564,  2563,  2568,  2568,  2563,  2556,  2547,  2529,  2501,  2481,  2472,  2459,  2440,  2424,  2410,  2401,  2396,  2384,  2362,  2340,  2322,  2306,  2293,  2284,  2277,  2271,  2269,  2263,  2257,  2254,  2251,  2251,  2254,  2259,  2270,  2288,  2301,  2286,  2243,  2217,-32768,-32768,-32768,-32768,-32768,-32768,-32768,-32768,-32768,-32768,-32768,-32768,-32768,-32768,-32768,-32768,-32768,-32768,-32768,-32768,-32768,-32768,-32768,-32768,-32768,-32768,-32768,-32768,  2657,  2692,  2719,  2733,  2729,  2726,  2730,  2731,  2729,  2729,  2731,  2730,  2723,  2718,  2717,  2715,  2712,  2710,  2707,  2701,  2694,  2677,  2649,  2623,  2598,  2585,  2587,  2580,  2564,  2549,  2536,  2525,  2514,  2500,  2480,  2460,  2442,  2424,  2407,  2390,  2377,  2363,  2347,  2336,  2329,  2320,  2308,  2292,  2275,  2260,  2245,  2221,  2179,  2120,  2047,  1970,  1870,-32768,-32768,-32768,-32768,-32768,-32768,-32768,-32768,-32768,-32768,-32768,-32768,-32768,-32768,-32768,-32768,-32768,-32768,-32768,-32768,  2769,  2766,  2758,  2745,  2744,  2759,  2775,  2790,  2797,-32768,-32768,-32768,-32768,  2747,  2741,  2726,  2714,  2707,  2704,  2706,  2708,  2711,  2710,  2705,  2693,  2676,  2665,  2660,  2653,  2646,  2639,  2631,  2618,  2602,  2586,  2571,  2561,  2554,  2560,  2577,  2582,  2571,  2568,  2573,  2571,  2561,  2557,  2559,  2558,  2554,  2549,  2542,  2543,  2547,  2541,  2527,  2509,  2487,  2474,  2469,  2459,  2448,  2441,  2439,  2436,  2431,  2435,  2446,  2461,  2480,  2505,  2536,  2565,  2598,  2643,  2693,  2737,  2770,  2789,-32768,-32768,-32768,-32768,-32768,-32768,-32768,-32768,-32768,-32768,-32768,-32768,-32768,-32768,-32768,-32768,-32768,-32768,-32768,-32768,-32768,-32768,-32768,-32768,-32768,-32768,-32768,-32768,-32768,-32768,-32768,-32768,-32768,-32768,-32768,-32768,  2722,  2692,  2688,  2692,  2695,  2682,  2661,  2646,  2638,  2627,  2615,  2620,  2639,  2651,  2655,  2659,  2663,  2677,  2696,  2706,  2708,  2710,  2714,  2721,  2734,  2744,  2749,  2754,  2759,  2763,
  2717,  2722,  2734,  2734,  2721,  2706,  2692,  2686,  2685,  2687,  2691,  2692,  2690,  2684,  2677,  2689,  2713,  2721,  2716,  2723,  2739,  2746,  2744,  2741,  2738,  2736,  2739,  2742,  2743,  2735,  2719,  2715,  2723,  2726,  2726,  2725,  2722,  2717,  2710,  2713,  2725,  2728,  2723,  2723,  2728,  2725,  2717,  2711,  2709,  2702,  2691,  2682,  2677,  2671,  2662,  2657,  2657,  2653,  2645,  2645,  2654,  2654,  2643,  2630,  2615,  2599,  2583,  2574,  2573,  2572,  2570,  2566,  2561,  2559,  2561,  2556,  2543,  2526,  2509,  2492,  2478,  2464,  2448,  2434,  2421,  2411,  2403,  2388,  2364,  2341,  2322,  2302,  2280,  2269,  2268,  2266,  2266,  2258,  2245,  2238,  2237,  2229,  2216,  2211,  2220,  2234,  2241,  2231,  2204,  2188,-32768,-32768,-32768,-32768,-32768,-32768,-32768,-32768,-32768,-32768,-32768,-32768,-32768,-32768,-32768,-32768,-32768,-32768,-32768,-32768,-32768,-32768,-32768,-32768,  2546,  2560,  2600,  2637,  2666,  2689,  2701,  2706,  2709,  2704,  2693,  2692,  2699,  2703,  2705,  2702,  2692,  2684,  2679,  2678,  2681,  2685,  2689,  2691,  2692,  2675,  2640,  2613,  2593,  2580,  2577,  2570,  2557,  2549,  2547,  2533,  2508,  2489,  2474,  2457,  2439,  2421,  2403,  2383,  2365,  2345,  2327,  2316,  2312,  2304,  2293,  2278,  2260,  2245,  2234,  2213,  2173,  2100,  1990,  1880,  1834,-32768,-32768,-32768,-32768,-32768,-32768,-32768,-32768,-32768,-32768,-32768,-32768,-32768,-32768,-32768,-32768,-32768,-32768,-32768,-32768,  2751,  2750,  2740,  2724,  2727,  2754,  2767,  2763,  2761,-32768,-32768,-32768,  2688,  2709,  2708,  2702,  2694,  2685,  2684,  2692,  2695,  2690,  2686,  2684,  2675,  2661,  2653,  2649,  2644,  2638,  2631,  2621,  2609,  2593,  2579,  2567,  2555,  2543,  2540,  2546,  2549,  2547,  2546,  2549,  2543,  2527,  2518,  2518,  2516,  2512,  2509,  2507,  2508,  2508,  2501,  2490,  2475,  2456,  2440,  2425,  2415,  2413,  2408,  2403,  2399,  2395,  2397,  2403,  2417,  2439,  2465,  2495,  2523,  2555,  2598,  2646,  2692,  2728,  2743,-32768,-32768,-32768,-32768,-32768,-32768,-32768,-32768,-32768,-32768,-32768,-32768,-32768,-32768,-32768,-32768,-32768,-32768,-32768,-32768,-32768,-32768,-32768,-32768,-32768,-32768,-32768,-32768,-32768,-32768,-32768,-32768,-32768,-32768,-32768,-32768,-32768,  2675,  2660,  2665,  2665,  2651,  2631,  2619,  2615,  2606,  2592,  2590,  2598,  2603,  2605,  2610,  2620,  2633,  2648,  2656,  2657,  2655,  2651,  2657,  2672,  2690,  2706,  2716,  2720,  2720,
  2672,  2680,  2695,  2694,  2676,  2658,  2643,  2639,  2644,  2651,  2657,  2660,  2661,  2659,  2654,  2665,  2687,  2693,  2683,  2688,  2707,  2716,  2714,  2714,  2713,  2714,  2717,  2718,  2714,  2702,  2680,  2673,  2681,  2684,  2683,  2685,  2690,  2690,  2683,  2687,  2701,  2702,  2695,  2693,  2697,  2697,  2693,  2690,  2689,  2684,  2677,  2672,  2668,  2659,  2643,  2635,  2634,  2631,  2626,  2627,  2635,  2633,  2622,  2611,  2598,  2586,  2576,  2571,  2572,  2573,  2573,  2567,  2557,  2551,  2551,  2545,  2531,  2518,  2508,  2495,  2479,  2464,  2449,  2437,  2426,  2414,  2401,  2384,  2364,  2343,  2323,  2302,  2280,  2266,  2261,  2258,  2258,  2249,  2231,  2222,  2218,  2203,  2178,  2165,  2171,  2181,  2184,  2176,  2158,  2146,-32768,-32768,-32768,-32768,-32768,-32768,-32768,-32768,-32768,-32768,-32768,-32768,-32768,-32768,-32768,-32768,-32768,-32768,-32768,-32768,-32768,-32768,  2577,  2578,  2561,  2575,  2610,  2640,  2667,  2683,  2681,  2677,  2676,  2667,  2652,  2649,  2658,  2663,  2665,  2661,  2651,  2642,  2636,  2636,  2642,  2650,  2658,  2664,  2670,  2658,  2630,  2608,  2589,  2576,  2572,  2565,  2552,  2542,  2538,  2525,  2503,  2486,  2473,  2458,  2441,  2422,  2402,  2382,  2361,  2340,  2322,  2308,  2299,  2288,  2276,  2262,  2246,  2232,  2219,  2201,  2165,  2089,  1964,  1834,  1776,-32768,-32768,-32768,-32768,-32768,-32768,-32768,-32768,-32768,-32768,-32768,-32768,-32768,-32768,-32768,-32768,-32768,-32768,-32768,  2721,  2733,  2733,  2722,  2705,  2707,  2729,  2737,  2726,  2714,-32768,-32768,-32768,  2676,  2681,  2684,  2681,  2674,  2664,  2662,  2668,  2669,  2663,  2658,  2654,  2649,  2642,  2638,  2635,  2630,  2624,  2617,  2608,  2600,  2591,  2579,  2565,  2549,  2532,  2520,  2516,  2517,  2521,  2524,  2525,  2514,  2494,  2481,  2477,  2473,  2470,  2467,  2466,  2465,  2460,  2452,  2441,  2433,  2424,  2411,  2391,  2381,  2381,  2377,  2371,  2366,  2364,  2362,  2362,  2374,  2396,  2422,  2450,  2477,  2509,  2551,  2596,  2644,  2685,  2700,-32768,-32768,-32768,-32768,-32768,-32768,-32768,-32768,-32768,-32768,-32768,-32768,-32768,-32768,-32768,-32768,-32768,-32768,-32768,-32768,-32768,-32768,-32768,-32768,-32768,-32768,-32768,-32768,-32768,-32768,-32768,-32768,-32768,-32768,-32768,-32768,-32768,-32768,  2646,  2635,  2632,  2618,  2600,  2587,  2581,  2573,  2560,  2557,  2559,  2559,  2558,  2564,  2578,  2589,  2595,  2600,  2603,  2599,  2591,  2596,  2615,  2636,  2657,  2669,  2674,  2674,
  2632,  2643,  2655,  2651,  2630,  2614,  2605,  2604,  2611,  2617,  2621,  2626,  2635,  2639,  2638,  2643,  2655,  2655,  2645,  2648,  2664,  2670,  2670,  2674,  2682,  2682,  2676,  2671,  2667,  2655,  2636,  2629,  2635,  2637,  2633,  2639,  2655,  2660,  2654,  2657,  2666,  2668,  2664,  2664,  2667,  2666,  2663,  2662,  2663,  2661,  2658,  2654,  2649,  2635,  2615,  2603,  2599,  2601,  2608,  2611,  2609,  2603,  2593,  2583,  2573,  2569,  2570,  2572,  2574,  2574,  2570,  2564,  2554,  2544,  2532,  2522,  2514,  2506,  2500,  2490,  2476,  2461,  2446,  2434,  2425,  2410,  2388,  2372,  2361,  2344,  2320,  2303,  2291,  2276,  2256,  2244,  2242,  2231,  2212,  2199,  2191,  2170,  2138,  2120,  2122,  2129,  2129,  2119,  2103,  2094,-32768,-32768,-32768,-32768,-32768,-32768,-32768,-32768,-32768,-32768,-32768,-32768,-32768,-32768,-32768,-32768,-32768,-32768,-32768,-32768,-32768,  2560,  2571,  2579,  2586,  2601,  2624,  2637,  2642,  2647,  2650,  2643,  2628,  2616,  2606,  2603,  2607,  2610,  2610,  2608,  2601,  2595,  2589,  2591,  2599,  2608,  2614,  2621,  2628,  2627,  2620,  2607,  2585,  2571,  2567,  2559,  2543,  2524,  2506,  2497,  2493,  2486,  2475,  2462,  2447,  2428,  2404,  2382,  2361,  2342,  2328,  2310,  2289,  2272,  2258,  2246,  2233,  2218,  2201,  2183,  2155,  2091,  1978,  1830,  1753,-32768,-32768,-32768,-32768,-32768,-32768,-32768,-32768,-32768,-32768,-32768,-32768,-32768,-32768,-32768,-32768,-32768,  2698,  2709,  2720,  2724,  2718,  2705,  2692,  2686,  2690,  2691,  2684,  2665,  2604,  2593,  2615,  2650,  2661,  2664,  2659,  2651,  2643,  2637,  2633,  2630,  2628,  2623,  2615,  2612,  2616,  2617,  2615,  2610,  2603,  2595,  2587,  2586,  2591,  2581,  2561,  2539,  2515,  2498,  2487,  2487,  2497,  2503,  2502,  2489,  2464,  2447,  2436,  2429,  2428,  2425,  2421,  2417,  2410,  2399,  2387,  2386,  2394,  2388,  2368,  2356,  2353,  2348,  2341,  2338,  2336,  2331,  2327,  2335,  2354,  2376,  2399,  2426,  2459,  2501,  2547,  2597,  2642,  2660,-32768,-32768,-32768,-32768,-32768,-32768,-32768,-32768,-32768,-32768,-32768,-32768,-32768,-32768,-32768,-32768,-32768,-32768,-32768,-32768,-32768,-32768,-32768,-32768,-32768,-32768,-32768,-32768,-32768,-32768,-32768,-32768,-32768,-32768,-32768,-32768,-32768,-32768,-32768,  2605,  2600,  2586,  2569,  2552,  2536,  2527,  2522,  2520,  2521,  2518,  2513,  2519,  2536,  2542,  2537,  2540,  2547,  2543,  2532,  2538,  2561,  2584,  2602,  2614,  2619,  2624,
  2581,  2590,  2598,  2592,  2574,  2563,  2560,  2563,  2575,  2585,  2592,  2599,  2607,  2612,  2614,  2617,  2621,  2620,  2615,  2617,  2626,  2628,  2627,  2634,  2646,  2647,  2638,  2631,  2625,  2614,  2598,  2590,  2591,  2591,  2587,  2594,  2611,  2618,  2616,  2619,  2626,  2628,  2628,  2629,  2630,  2629,  2627,  2628,  2629,  2628,  2624,  2619,  2613,  2599,  2580,  2567,  2562,  2564,  2574,  2579,  2578,  2574,  2567,  2559,  2554,  2554,  2559,  2564,  2567,  2565,  2558,  2548,  2536,  2524,  2510,  2502,  2497,  2492,  2487,  2478,  2467,  2453,  2437,  2424,  2412,  2396,  2377,  2363,  2355,  2340,  2318,  2303,  2295,  2277,  2250,  2231,  2222,  2206,  2183,  2167,  2155,  2133,  2101,  2081,  2076,  2078,  2077,  2064,  2052,  2069,-32768,-32768,-32768,-32768,-32768,-32768,-32768,-32768,-32768,-32768,-32768,-32768,-32768,-32768,-32768,-32768,-32768,-32768,-32768,-32768,-32768,  2558,  2565,  2579,  2591,  2602,  2614,  2614,  2604,  2600,  2604,  2598,  2583,  2569,  2558,  2554,  2557,  2558,  2555,  2550,  2545,  2540,  2537,  2540,  2549,  2559,  2567,  2576,  2588,  2593,  2594,  2586,  2568,  2554,  2546,  2537,  2522,  2505,  2489,  2483,  2484,  2479,  2469,  2457,  2442,  2421,  2397,  2376,  2357,  2341,  2328,  2309,  2285,  2265,  2247,  2233,  2220,  2205,  2186,  2169,  2148,  2102,  2009,  1869,  1773,-32768,-32768,-32768,-32768,-32768,-32768,-32768,-32768,-32768,-32768,-32768,-32768,-32768,-32768,-32768,-32768,-32768,-32768,  2711,  2715,  2714,  2707,  2693,  2680,  2667,  2653,  2648,  2646,  2631,  2605,  2595,  2608,  2623,  2636,  2638,  2630,  2621,  2614,  2607,  2599,  2593,  2587,  2584,  2583,  2583,  2586,  2588,  2587,  2583,  2577,  2570,  2564,  2566,  2574,  2565,  2542,  2517,  2491,  2472,  2459,  2456,  2464,  2470,  2468,  2457,  2436,  2417,  2401,  2389,  2383,  2380,  2379,  2375,  2367,  2360,  2357,  2363,  2376,  2374,  2357,  2342,  2329,  2319,  2312,  2308,  2303,  2298,  2295,  2301,  2316,  2333,  2352,  2376,  2409,  2449,  2494,  2544,  2589,  2607,-32768,-32768,-32768,-32768,-32768,-32768,-32768,-32768,-32768,-32768,-32768,-32768,-32768,-32768,-32768,-32768,-32768,-32768,-32768,-32768,-32768,-32768,-32768,-32768,-32768,-32768,-32768,-32768,-32768,-32768,-32768,-32768,-32768,-32768,-32768,-32768,-32768,-32768,-32768,  2579,  2572,  2555,  2538,  2518,  2498,  2487,  2484,  2483,  2480,  2475,  2468,  2471,  2484,  2484,  2476,  2476,  2483,  2482,  2476,  2484,  2505,  2527,  2546,  2558,  2563,  2570,
  2519,  2523,  2524,  2520,  2509,  2505,  2506,  2516,  2535,  2553,  2568,  2575,  2575,  2578,  2582,  2584,  2586,  2589,  2593,  2595,  2592,  2587,  2585,  2590,  2599,  2604,  2601,  2596,  2590,  2581,  2569,  2559,  2553,  2549,  2546,  2549,  2559,  2566,  2570,  2575,  2581,  2583,  2584,  2584,  2583,  2581,  2583,  2584,  2583,  2579,  2571,  2564,  2559,  2550,  2538,  2529,  2524,  2522,  2525,  2533,  2546,  2550,  2544,  2541,  2541,  2541,  2541,  2543,  2545,  2541,  2533,  2520,  2504,  2494,  2488,  2485,  2482,  2475,  2467,  2459,  2450,  2438,  2422,  2406,  2387,  2374,  2369,  2358,  2344,  2330,  2315,  2301,  2287,  2267,  2240,  2216,  2197,  2175,  2149,  2130,  2117,  2097,  2071,  2050,  2035,  2032,  2030,  2013,  2001,-32768,-32768,-32768,-32768,-32768,-32768,-32768,-32768,-32768,-32768,-32768,-32768,-32768,-32768,-32768,-32768,-32768,-32768,-32768,-32768,-32768,-32768,  2550,  2561,  2573,  2573,  2574,  2575,  2568,  2553,  2544,  2541,  2538,  2536,  2524,  2504,  2499,  2507,  2508,  2499,  2490,  2483,  2479,  2479,  2483,  2492,  2504,  2517,  2531,  2550,  2556,  2552,  2546,  2538,  2524,  2508,  2498,  2492,  2486,  2485,  2481,  2472,  2463,  2457,  2443,  2423,  2402,  2381,  2364,  2349,  2335,  2320,  2303,  2284,  2264,  2244,  2226,  2210,  2192,  2174,  2159,  2144,  2113,  2047,  1935,  1819,  1762,-32768,-32768,-32768,-32768,-32768,-32768,-32768,-32768,-32768,-32768,-32768,-32768,-32768,-32768,-32768,-32768,  2706,  2709,  2702,  2697,  2699,  2690,  2672,  2649,  2618,  2606,  2609,  2606,  2599,  2591,  2585,  2590,  2606,  2608,  2596,  2586,  2578,  2572,  2567,  2557,  2540,  2539,  2554,  2557,  2551,  2548,  2550,  2549,  2544,  2541,  2539,  2540,  2541,  2531,  2510,  2487,  2460,  2443,  2431,  2424,  2423,  2423,  2421,  2415,  2405,  2391,  2372,  2354,  2338,  2335,  2344,  2344,  2335,  2338,  2351,  2363,  2372,  2371,  2361,  2340,  2308,  2288,  2281,  2273,  2261,  2257,  2262,  2271,  2282,  2295,  2308,  2329,  2358,  2393,  2436,  2483,  2524,  2538,-32768,-32768,-32768,-32768,-32768,-32768,-32768,-32768,-32768,-32768,-32768,-32768,-32768,-32768,-32768,-32768,-32768,-32768,-32768,-32768,-32768,-32768,-32768,-32768,-32768,-32768,-32768,-32768,-32768,-32768,-32768,-32768,-32768,-32768,-32768,-32768,-32768,-32768,-32768,  2553,  2546,  2527,  2506,  2485,  2467,  2455,  2449,  2443,  2436,  2429,  2422,  2420,  2420,  2416,  2412,  2412,  2411,  2415,  2424,  2435,  2449,  2470,  2493,  2505,  2506,  2510,
  2464,  2464,  2462,  2461,  2460,  2462,  2467,  2479,  2497,  2513,  2526,  2532,  2532,  2535,  2540,  2541,  2540,  2543,  2549,  2550,  2542,  2538,  2540,  2546,  2555,  2560,  2560,  2556,  2552,  2547,  2540,  2531,  2521,  2515,  2510,  2509,  2512,  2516,  2521,  2526,  2531,  2534,  2536,  2537,  2534,  2530,  2530,  2530,  2529,  2521,  2507,  2499,  2498,  2494,  2488,  2482,  2476,  2473,  2475,  2484,  2499,  2507,  2507,  2506,  2506,  2506,  2504,  2505,  2509,  2506,  2497,  2485,  2469,  2461,  2460,  2459,  2457,  2451,  2441,  2434,  2428,  2418,  2404,  2387,  2368,  2355,  2349,  2341,  2330,  2318,  2304,  2291,  2276,  2256,  2231,  2205,  2181,  2156,  2128,  2106,  2087,  2068,  2048,  2026,  2004,  1994,  1983,  1957,  1941,-32768,-32768,-32768,-32768,-32768,-32768,-32768,-32768,-32768,-32768,-32768,-32768,-32768,-32768,-32768,-32768,-32768,-32768,-32768,-32768,-32768,-32768,  2533,  2546,  2553,  2543,  2532,  2524,  2511,  2492,  2482,  2478,  2475,  2473,  2464,  2449,  2443,  2446,  2443,  2434,  2426,  2421,  2421,  2427,  2435,  2444,  2458,  2473,  2488,  2505,  2511,  2507,  2500,  2491,  2483,  2474,  2468,  2460,  2455,  2454,  2452,  2445,  2440,  2436,  2423,  2400,  2380,  2364,  2351,  2339,  2325,  2309,  2291,  2272,  2252,  2233,  2216,  2198,  2181,  2164,  2149,  2135,  2116,  2077,  1999,  1884,  1792,  1782,-32768,-32768,-32768,-32768,-32768,-32768,-32768,-32768,-32768,-32768,-32768,-32768,-32768,-32768,-32768,  2687,  2688,  2679,  2674,  2679,  2670,  2648,  2623,  2594,  2581,  2580,  2576,  2573,  2563,  2547,  2549,  2566,  2568,  2558,  2547,  2537,  2531,  2529,  2519,  2498,  2497,  2514,  2519,  2511,  2507,  2508,  2508,  2507,  2507,  2507,  2504,  2499,  2486,  2469,  2449,  2429,  2415,  2402,  2393,  2389,  2386,  2381,  2375,  2369,  2358,  2341,  2322,  2302,  2298,  2310,  2314,  2312,  2323,  2349,  2364,  2369,  2366,  2356,  2332,  2293,  2263,  2244,  2227,  2214,  2212,  2222,  2233,  2247,  2258,  2267,  2282,  2306,  2338,  2377,  2419,  2457,  2470,  2437,-32768,-32768,-32768,-32768,-32768,-32768,-32768,-32768,-32768,-32768,-32768,-32768,-32768,-32768,-32768,-32768,-32768,-32768,-32768,-32768,-32768,-32768,-32768,-32768,-32768,-32768,-32768,-32768,-32768,-32768,-32768,-32768,-32768,-32768,-32768,-32768,-32768,-32768,  2530,  2523,  2504,  2482,  2461,  2439,  2425,  2416,  2407,  2398,  2389,  2380,  2371,  2365,  2360,  2360,  2360,  2358,  2364,  2379,  2390,  2399,  2416,  2436,  2449,  2455,  2460,
  2414,  2410,  2410,  2416,  2426,  2436,  2444,  2451,  2459,  2463,  2464,  2466,  2473,  2479,  2483,  2483,  2481,  2479,  2480,  2479,  2475,  2477,  2490,  2502,  2514,  2520,  2519,  2516,  2514,  2512,  2510,  2502,  2490,  2481,  2474,  2468,  2464,  2464,  2467,  2470,  2474,  2479,  2482,  2484,  2482,  2476,  2470,  2468,  2468,  2457,  2436,  2427,  2432,  2434,  2430,  2424,  2417,  2415,  2421,  2430,  2438,  2446,  2453,  2454,  2448,  2446,  2446,  2450,  2458,  2459,  2452,  2442,  2431,  2425,  2423,  2422,  2421,  2416,  2409,  2402,  2399,  2392,  2381,  2369,  2354,  2337,  2318,  2309,  2312,  2304,  2286,  2271,  2260,  2244,  2224,  2200,  2173,  2147,  2121,  2094,  2065,  2043,  2028,  2006,  1979,  1959,  1936,  1900,  1880,-32768,-32768,-32768,-32768,-32768,-32768,-32768,-32768,-32768,-32768,-32768,-32768,-32768,-32768,-32768,-32768,-32768,-32768,-32768,-32768,-32768,  2481,  2512,  2525,  2522,  2503,  2481,  2464,  2445,  2424,  2414,  2414,  2406,  2392,  2385,  2390,  2386,  2372,  2362,  2355,  2352,  2355,  2363,  2378,  2390,  2399,  2413,  2428,  2440,  2450,  2454,  2455,  2445,  2426,  2425,  2442,  2443,  2428,  2413,  2401,  2399,  2406,  2408,  2405,  2393,  2372,  2356,  2348,  2338,  2325,  2312,  2298,  2275,  2247,  2225,  2211,  2197,  2182,  2166,  2153,  2137,  2119,  2107,  2090,  2045,  1957,  1860,  1813,-32768,-32768,-32768,-32768,-32768,-32768,-32768,-32768,-32768,-32768,-32768,-32768,-32768,-32768,  2615,  2647,  2652,  2648,  2644,  2642,  2628,  2599,  2582,  2574,  2565,  2554,  2542,  2530,  2517,  2504,  2506,  2521,  2525,  2517,  2506,  2492,  2485,  2486,  2479,  2463,  2457,  2464,  2467,  2466,  2465,  2464,  2465,  2468,  2471,  2471,  2465,  2452,  2437,  2421,  2408,  2400,  2390,  2374,  2365,  2364,  2360,  2352,  2342,  2330,  2319,  2307,  2291,  2271,  2266,  2275,  2284,  2295,  2316,  2349,  2366,  2364,  2356,  2342,  2318,  2283,  2243,  2200,  2174,  2165,  2164,  2171,  2186,  2207,  2219,  2224,  2235,  2254,  2281,  2316,  2352,  2382,  2402,  2409,-32768,-32768,-32768,-32768,-32768,-32768,-32768,-32768,-32768,-32768,-32768,-32768,-32768,-32768,-32768,-32768,-32768,-32768,-32768,-32768,-32768,-32768,-32768,-32768,-32768,-32768,-32768,-32768,-32768,-32768,-32768,-32768,-32768,-32768,-32768,-32768,-32768,-32768,  2510,  2502,  2486,  2468,  2444,  2414,  2395,  2388,  2379,  2370,  2358,  2343,  2329,  2321,  2318,  2320,  2322,  2323,  2329,  2340,  2348,  2354,  2366,  2376,  2391,  2410,  2418,
  2363,  2358,  2359,  2368,  2380,  2393,  2403,  2408,  2411,  2409,  2404,  2403,  2408,  2413,  2417,  2417,  2415,  2411,  2408,  2407,  2405,  2412,  2430,  2447,  2463,  2472,  2475,  2475,  2474,  2474,  2472,  2464,  2450,  2438,  2427,  2417,  2408,  2405,  2407,  2407,  2407,  2410,  2416,  2417,  2414,  2408,  2402,  2400,  2403,  2394,  2375,  2367,  2372,  2375,  2376,  2373,  2366,  2362,  2365,  2371,  2377,  2386,  2398,  2398,  2387,  2381,  2380,  2384,  2395,  2401,  2398,  2392,  2384,  2380,  2379,  2379,  2378,  2375,  2370,  2364,  2362,  2357,  2350,  2342,  2332,  2315,  2294,  2286,  2293,  2286,  2265,  2249,  2238,  2224,  2209,  2186,  2157,  2131,  2108,  2081,  2048,  2025,  2011,  1988,  1957,  1928,  1894,  1851,  1830,-32768,-32768,-32768,-32768,-32768,-32768,-32768,-32768,-32768,-32768,-32768,-32768,-32768,-32768,-32768,-32768,-32768,-32768,-32768,  2403,  2422,  2469,  2491,  2495,  2480,  2450,  2420,  2399,  2379,  2357,  2347,  2344,  2334,  2319,  2316,  2328,  2322,  2297,  2283,  2280,  2280,  2283,  2293,  2309,  2324,  2337,  2352,  2368,  2381,  2391,  2397,  2401,  2390,  2368,  2368,  2392,  2398,  2382,  2368,  2355,  2355,  2367,  2371,  2367,  2355,  2336,  2322,  2318,  2310,  2299,  2287,  2274,  2249,  2217,  2194,  2183,  2173,  2161,  2148,  2137,  2121,  2102,  2092,  2087,  2065,  2008,  1920,  1845,  1805,-32768,-32768,-32768,-32768,-32768,-32768,-32768,-32768,-32768,-32768,-32768,-32768,  2589,  2605,  2611,  2612,  2610,  2601,  2591,  2571,  2543,  2528,  2526,  2519,  2506,  2489,  2472,  2459,  2452,  2455,  2466,  2472,  2473,  2465,  2446,  2433,  2428,  2420,  2408,  2402,  2402,  2403,  2404,  2404,  2402,  2404,  2411,  2415,  2416,  2409,  2397,  2383,  2370,  2362,  2361,  2352,  2336,  2327,  2326,  2323,  2319,  2309,  2293,  2282,  2276,  2263,  2244,  2238,  2245,  2255,  2270,  2295,  2331,  2348,  2344,  2333,  2315,  2288,  2251,  2206,  2153,  2122,  2113,  2111,  2117,  2134,  2159,  2173,  2179,  2190,  2205,  2228,  2258,  2288,  2315,  2343,  2359,-32768,-32768,-32768,-32768,-32768,-32768,-32768,-32768,-32768,-32768,-32768,-32768,-32768,-32768,-32768,-32768,-32768,-32768,-32768,-32768,-32768,-32768,-32768,-32768,-32768,-32768,-32768,-32768,-32768,-32768,-32768,-32768,-32768,-32768,-32768,-32768,-32768,-32768,  2491,  2485,  2472,  2455,  2429,  2395,  2373,  2365,  2355,  2343,  2327,  2306,  2288,  2278,  2277,  2284,  2286,  2283,  2285,  2294,  2301,  2307,  2317,  2323,  2339,  2363,  2371,
  2315,  2311,  2312,  2317,  2321,  2330,  2341,  2347,  2352,  2352,  2348,  2343,  2339,  2340,  2347,  2349,  2348,  2343,  2337,  2335,  2337,  2346,  2364,  2383,  2402,  2417,  2427,  2430,  2430,  2429,  2425,  2416,  2402,  2387,  2372,  2357,  2344,  2339,  2342,  2338,  2330,  2331,  2340,  2341,  2336,  2332,  2329,  2330,  2335,  2334,  2327,  2321,  2319,  2321,  2327,  2328,  2323,  2315,  2308,  2309,  2314,  2323,  2336,  2334,  2321,  2312,  2307,  2310,  2323,  2332,  2335,  2334,  2329,  2327,  2328,  2330,  2329,  2327,  2323,  2318,  2316,  2313,  2308,  2303,  2297,  2287,  2274,  2268,  2270,  2261,  2241,  2224,  2210,  2197,  2185,  2163,  2130,  2105,  2086,  2062,  2032,  2008,  1991,  1967,  1934,  1899,  1854,  1806,  1785,-32768,-32768,-32768,-32768,-32768,-32768,-32768,-32768,-32768,-32768,-32768,-32768,-32768,-32768,-32768,-32768,-32768,-32768,-32768,  2393,  2415,  2446,  2460,  2451,  2424,  2385,  2352,  2337,  2321,  2302,  2289,  2279,  2269,  2263,  2261,  2264,  2252,  2223,  2210,  2214,  2214,  2209,  2213,  2223,  2239,  2263,  2282,  2296,  2313,  2329,  2338,  2344,  2336,  2318,  2315,  2330,  2335,  2324,  2317,  2313,  2316,  2326,  2328,  2324,  2311,  2289,  2276,  2273,  2268,  2258,  2248,  2236,  2213,  2183,  2163,  2152,  2145,  2138,  2129,  2118,  2103,  2088,  2080,  2076,  2067,  2034,  1952,  1845,  1792,-32768,-32768,-32768,-32768,-32768,-32768,-32768,-32768,-32768,-32768,-32768,  2563,  2580,  2581,  2578,  2571,  2564,  2549,  2524,  2502,  2480,  2465,  2456,  2448,  2440,  2422,  2399,  2388,  2391,  2394,  2398,  2407,  2423,  2418,  2392,  2370,  2353,  2341,  2337,  2336,  2336,  2334,  2330,  2328,  2327,  2331,  2338,  2342,  2341,  2338,  2331,  2322,  2312,  2307,  2307,  2301,  2289,  2278,  2272,  2272,  2281,  2275,  2254,  2244,  2244,  2234,  2216,  2210,  2213,  2221,  2234,  2257,  2293,  2309,  2307,  2296,  2275,  2243,  2199,  2152,  2103,  2074,  2063,  2060,  2066,  2082,  2106,  2123,  2134,  2147,  2159,  2177,  2203,  2231,  2262,  2293,  2315,  2303,-32768,-32768,-32768,-32768,-32768,-32768,-32768,-32768,-32768,-32768,-32768,-32768,-32768,  2069,  2055,  2044,-32768,-32768,-32768,-32768,-32768,-32768,-32768,-32768,-32768,-32768,-32768,-32768,-32768,-32768,-32768,-32768,-32768,-32768,-32768,-32768,-32768,  2467,  2469,  2458,  2437,  2411,  2380,  2357,  2346,  2331,  2313,  2292,  2268,  2246,  2233,  2234,  2245,  2245,  2233,  2230,  2240,  2250,  2258,  2270,  2279,  2292,  2312,  2319,
  2264,  2261,  2259,  2260,  2259,  2265,  2276,  2285,  2292,  2294,  2287,  2279,  2270,  2269,  2276,  2279,  2277,  2273,  2268,  2267,  2269,  2279,  2296,  2314,  2333,  2348,  2359,  2366,  2369,  2367,  2359,  2349,  2337,  2321,  2301,  2282,  2266,  2260,  2264,  2262,  2258,  2259,  2264,  2263,  2259,  2257,  2256,  2258,  2264,  2265,  2263,  2257,  2247,  2247,  2259,  2266,  2269,  2263,  2251,  2248,  2251,  2254,  2261,  2259,  2250,  2245,  2242,  2244,  2253,  2262,  2270,  2273,  2270,  2270,  2273,  2275,  2273,  2271,  2269,  2265,  2262,  2261,  2261,  2260,  2257,  2251,  2243,  2237,  2232,  2220,  2201,  2185,  2173,  2162,  2154,  2133,  2101,  2077,  2060,  2038,  2011,  1986,  1964,  1938,  1909,  1867,  1811,  1761,  1742,-32768,-32768,-32768,-32768,-32768,-32768,-32768,-32768,-32768,-32768,-32768,-32768,-32768,-32768,-32768,-32768,-32768,-32768,  2333,  2364,  2390,  2410,  2411,  2391,  2359,  2320,  2288,  2274,  2263,  2249,  2234,  2217,  2205,  2200,  2199,  2201,  2189,  2161,  2150,  2157,  2156,  2146,  2146,  2153,  2166,  2188,  2206,  2220,  2240,  2262,  2272,  2274,  2270,  2262,  2261,  2267,  2269,  2264,  2264,  2268,  2273,  2279,  2280,  2276,  2263,  2242,  2229,  2226,  2224,  2220,  2212,  2200,  2181,  2156,  2140,  2131,  2123,  2116,  2105,  2094,  2085,  2076,  2069,  2067,  2064,  2045,  1979,  1873,  1805,  1812,-32768,-32768,-32768,-32768,-32768,-32768,-32768,-32768,-32768,  2484,  2536,  2543,  2539,  2535,  2526,  2514,  2489,  2453,  2427,  2413,  2400,  2386,  2375,  2364,  2348,  2328,  2318,  2320,  2324,  2328,  2339,  2356,  2350,  2321,  2297,  2277,  2267,  2270,  2273,  2274,  2271,  2264,  2260,  2259,  2262,  2268,  2270,  2268,  2265,  2261,  2255,  2249,  2248,  2253,  2251,  2240,  2228,  2216,  2214,  2223,  2220,  2206,  2198,  2195,  2186,  2170,  2164,  2167,  2175,  2188,  2209,  2239,  2252,  2248,  2237,  2219,  2185,  2137,  2092,  2051,  2026,  2017,  2014,  2020,  2034,  2056,  2073,  2087,  2100,  2112,  2130,  2153,  2181,  2213,  2245,  2270,  2279,-32768,-32768,-32768,-32768,-32768,-32768,-32768,-32768,-32768,  2047,  2052,  2052,  2050,  2058,  2047,  2039,  2032,  2030,-32768,-32768,-32768,-32768,-32768,-32768,-32768,-32768,-32768,-32768,-32768,-32768,-32768,-32768,-32768,-32768,-32768,-32768,  2395,  2438,  2453,  2447,  2429,  2403,  2369,  2339,  2316,  2294,  2275,  2253,  2227,  2205,  2190,  2187,  2194,  2191,  2177,  2174,  2187,  2200,  2211,  2225,  2234,  2245,  2261,  2266,
  2209,  2204,  2198,  2196,  2195,  2202,  2214,  2225,  2237,  2237,  2223,  2212,  2203,  2200,  2205,  2206,  2202,  2200,  2201,  2202,  2202,  2210,  2224,  2238,  2253,  2264,  2273,  2283,  2292,  2291,  2278,  2267,  2256,  2239,  2216,  2195,  2174,  2168,  2175,  2182,  2193,  2196,  2188,  2184,  2184,  2183,  2182,  2182,  2187,  2187,  2183,  2173,  2157,  2157,  2174,  2191,  2207,  2208,  2194,  2188,  2186,  2181,  2178,  2177,  2180,  2183,  2184,  2185,  2186,  2193,  2204,  2210,  2210,  2210,  2211,  2211,  2208,  2206,  2207,  2204,  2198,  2200,  2209,  2212,  2209,  2206,  2201,  2191,  2177,  2162,  2144,  2132,  2126,  2120,  2114,  2097,  2069,  2047,  2030,  2011,  1988,  1961,  1931,  1904,  1878,  1829,  1761,  1715,  1723,-32768,-32768,-32768,-32768,-32768,-32768,-32768,-32768,-32768,-32768,-32768,-32768,-32768,-32768,-32768,-32768,-32768,  2313,  2323,  2331,  2347,  2356,  2346,  2322,  2293,  2261,  2232,  2215,  2205,  2197,  2182,  2161,  2144,  2135,  2135,  2142,  2135,  2116,  2108,  2114,  2110,  2096,  2094,  2099,  2105,  2115,  2127,  2144,  2168,  2195,  2205,  2199,  2199,  2208,  2211,  2204,  2202,  2202,  2207,  2218,  2224,  2224,  2222,  2219,  2209,  2193,  2181,  2175,  2177,  2183,  2178,  2165,  2149,  2130,  2119,  2113,  2102,  2088,  2075,  2066,  2063,  2063,  2061,  2058,  2057,  2046,  2004,  1929,  1864,  1843,-32768,-32768,-32768,-32768,-32768,-32768,-32768,  2363,  2399,  2463,  2485,  2484,  2478,  2485,  2479,  2459,  2424,  2377,  2350,  2345,  2334,  2318,  2300,  2280,  2267,  2262,  2254,  2245,  2248,  2261,  2271,  2277,  2265,  2237,  2218,  2207,  2202,  2207,  2212,  2214,  2211,  2206,  2201,  2198,  2198,  2198,  2197,  2193,  2191,  2187,  2183,  2181,  2187,  2200,  2201,  2190,  2175,  2158,  2149,  2147,  2148,  2151,  2147,  2134,  2122,  2109,  2105,  2109,  2118,  2133,  2150,  2171,  2176,  2167,  2158,  2147,  2115,  2064,  2024,  1997,  1981,  1973,  1972,  1976,  1989,  2010,  2025,  2037,  2052,  2067,  2086,  2109,  2135,  2165,  2195,  2218,  2227,-32768,-32768,-32768,-32768,-32768,-32768,-32768,-32768,  2012,  2032,  2034,  2030,  2026,  2025,  2025,  2022,  2017,  2013,  1991,-32768,-32768,  2027,-32768,-32768,-32768,-32768,-32768,-32768,-32768,-32768,-32768,-32768,-32768,-32768,-32768,  2350,  2383,  2416,  2438,  2439,  2430,  2404,  2360,  2316,  2274,  2244,  2228,  2210,  2186,  2166,  2151,  2142,  2137,  2130,  2122,  2124,  2139,  2154,  2167,  2182,  2191,  2200,  2211,  2213,
  2147,  2140,  2139,  2137,  2137,  2143,  2156,  2167,  2177,  2174,  2159,  2149,  2142,  2138,  2139,  2137,  2133,  2130,  2131,  2131,  2129,  2134,  2145,  2156,  2169,  2179,  2187,  2197,  2208,  2207,  2195,  2182,  2169,  2150,  2126,  2105,  2086,  2080,  2088,  2100,  2117,  2122,  2114,  2110,  2108,  2107,  2107,  2106,  2106,  2104,  2101,  2091,  2075,  2074,  2089,  2109,  2131,  2135,  2122,  2115,  2112,  2106,  2100,  2099,  2104,  2110,  2117,  2119,  2116,  2120,  2129,  2135,  2137,  2136,  2135,  2132,  2129,  2129,  2133,  2133,  2128,  2131,  2143,  2150,  2151,  2149,  2144,  2133,  2118,  2104,  2090,  2081,  2077,  2075,  2076,  2064,  2039,  2018,  1999,  1979,  1957,  1928,  1892,  1858,  1824,  1769,  1703,  1670,-32768,-32768,-32768,-32768,-32768,-32768,-32768,-32768,-32768,-32768,-32768,-32768,-32768,-32768,  2154,-32768,-32768,-32768,  2298,  2305,  2308,  2309,  2302,  2280,  2254,  2231,  2207,  2184,  2167,  2157,  2148,  2137,  2122,  2106,  2090,  2085,  2092,  2087,  2068,  2059,  2060,  2056,  2044,  2042,  2046,  2048,  2050,  2058,  2071,  2090,  2113,  2125,  2125,  2131,  2146,  2149,  2138,  2133,  2131,  2136,  2149,  2159,  2163,  2162,  2157,  2144,  2126,  2116,  2114,  2121,  2135,  2131,  2114,  2100,  2088,  2079,  2071,  2063,  2057,  2048,  2039,  2039,  2045,  2046,  2045,  2046,  2042,  2023,  1984,  1937,  1916,  1986,  2044,  2095,  2139,  2191,  2253,  2299,  2345,  2375,  2401,  2413,  2408,  2405,  2415,  2414,  2397,  2360,  2308,  2280,  2278,  2269,  2253,  2231,  2205,  2193,  2197,  2192,  2181,  2182,  2193,  2198,  2195,  2183,  2163,  2151,  2148,  2145,  2145,  2147,  2150,  2146,  2137,  2131,  2128,  2127,  2125,  2121,  2117,  2115,  2115,  2115,  2118,  2128,  2142,  2143,  2129,  2111,  2094,  2082,  2075,  2076,  2081,  2078,  2067,  2055,  2042,  2039,  2043,  2052,  2065,  2078,  2090,  2090,  2079,  2070,  2061,  2033,  1988,  1959,  1944,  1935,  1929,  1927,  1932,  1944,  1962,  1977,  1988,  2001,  2016,  2039,  2069,  2096,  2122,  2144,  2160,  2163,-32768,-32768,  2033,  2019,  2002,  1986,  1971,  1962,  1986,  1987,  1986,  1981,  1977,  1977,  1981,  1981,  1976,  1975,  1975,  1963,  1973,  2001,  2002,-32768,-32768,-32768,-32768,-32768,-32768,-32768,-32768,-32768,-32768,-32768,-32768,  2332,  2346,  2374,  2394,  2398,  2395,  2369,  2320,  2271,  2225,  2194,  2178,  2161,  2140,  2124,  2112,  2102,  2093,  2085,  2081,  2083,  2094,  2108,  2126,  2143,  2152,  2159,  2164,  2159,
  2080,  2074,  2084,  2089,  2087,  2092,  2100,  2106,  2107,  2102,  2094,  2089,  2087,  2082,  2075,  2071,  2068,  2064,  2059,  2055,  2051,  2053,  2060,  2070,  2083,  2094,  2103,  2111,  2115,  2114,  2107,  2094,  2076,  2056,  2033,  2015,  2003,  2000,  2007,  2017,  2029,  2036,  2040,  2038,  2028,  2026,  2031,  2028,  2020,  2017,  2018,  2012,  2003,  2001,  2005,  2018,  2038,  2044,  2037,  2033,  2031,  2028,  2027,  2025,  2023,  2027,  2038,  2042,  2041,  2042,  2046,  2049,  2050,  2049,  2045,  2041,  2038,  2041,  2049,  2053,  2051,  2056,  2065,  2074,  2081,  2081,  2073,  2064,  2056,  2048,  2041,  2033,  2026,  2028,  2038,  2033,  2014,  1991,  1966,  1943,  1920,  1888,  1848,  1803,  1750,  1694,  1654,  1649,-32768,-32768,-32768,-32768,-32768,-32768,-32768,-32768,-32768,-32768,-32768,-32768,-32768,-32768,  2154,  2161,  2193,  2217,  2259,  2277,  2286,  2278,  2252,  2220,  2194,  2176,  2158,  2142,  2130,  2117,  2102,  2098,  2101,  2088,  2060,  2048,  2051,  2040,  2018,  2004,  1997,  1993,  1992,  1993,  1996,  1996,  1996,  1998,  2004,  2009,  2016,  2031,  2049,  2062,  2071,  2073,  2068,  2061,  2054,  2054,  2063,  2078,  2095,  2098,  2086,  2065,  2039,  2030,  2037,  2052,  2071,  2067,  2044,  2030,  2023,  2015,  1999,  1997,  2012,  2013,  2003,  2003,  2012,  2018,  2025,  2031,  2035,  2037,  2031,  2012,  1997,  2021,  2078,  2127,  2167,  2213,  2266,  2297,  2308,  2315,  2309,  2309,  2319,  2322,  2327,  2330,  2326,  2296,  2245,  2217,  2212,  2204,  2190,  2169,  2142,  2131,  2135,  2135,  2132,  2128,  2125,  2120,  2113,  2106,  2101,  2100,  2102,  2096,  2082,  2076,  2079,  2072,  2054,  2045,  2045,  2045,  2044,  2040,  2036,  2038,  2045,  2050,  2057,  2067,  2078,  2073,  2052,  2033,  2019,  2009,  2006,  2000,  1992,  1989,  1991,  1984,  1969,  1964,  1969,  1976,  1985,  1992,  1996,  1993,  1984,  1972,  1959,  1936,  1907,  1890,  1885,  1881,  1877,  1877,  1885,  1896,  1913,  1926,  1937,  1947,  1958,  1986,  2029,  2060,  2079,  2090,  2093,  2087,  2032,  2013,  2012,  1993,  1975,  1959,  1945,  1935,  1928,  1925,  1926,  1925,  1924,  1923,  1920,  1920,  1922,  1928,  1941,  1945,  1944,  1945,  1942,-32768,-32768,-32768,-32768,-32768,-32768,-32768,-32768,-32768,-32768,-32768,  2269,  2292,  2291,  2302,  2318,  2321,  2320,  2296,  2245,  2202,  2168,  2142,  2125,  2106,  2086,  2074,  2067,  2061,  2055,  2050,  2048,  2048,  2050,  2065,  2091,  2111,  2118,  2120,  2118,  2103,
  2032,  2024,  2034,  2039,  2037,  2037,  2039,  2038,  2032,  2028,  2026,  2025,  2024,  2019,  2009,  2003,  1999,  1993,  1986,  1981,  1978,  1978,  1979,  1986,  1999,  2007,  2010,  2013,  2013,  2011,  2008,  1998,  1984,  1967,  1947,  1932,  1923,  1920,  1924,  1931,  1940,  1948,  1956,  1956,  1948,  1946,  1949,  1946,  1935,  1930,  1932,  1929,  1925,  1925,  1928,  1936,  1948,  1953,  1951,  1950,  1948,  1945,  1943,  1940,  1936,  1939,  1950,  1956,  1958,  1960,  1962,  1961,  1958,  1955,  1953,  1949,  1945,  1948,  1958,  1964,  1967,  1975,  1985,  1995,  2005,  2006,  2000,  1991,  1981,  1978,  1979,  1978,  1975,  1980,  1993,  1992,  1978,  1958,  1933,  1908,  1882,  1851,  1812,  1765,  1706,  1653,  1632,-32768,-32768,-32768,-32768,-32768,-32768,-32768,-32768,-32768,-32768,-32768,-32768,-32768,-32768,-32768,-32768,  2119,  2146,  2166,  2180,  2210,  2230,  2223,  2198,  2166,  2139,  2127,  2122,  2114,  2105,  2087,  2067,  2061,  2068,  2055,  2023,  2007,  2007,  1993,  1967,  1947,  1936,  1933,  1938,  1940,  1941,  1938,  1936,  1934,  1930,  1926,  1926,  1938,  1958,  1973,  1982,  1985,  1980,  1970,  1959,  1958,  1966,  1982,  2003,  2004,  1985,  1960,  1934,  1927,  1937,  1955,  1976,  1975,  1959,  1948,  1940,  1931,  1916,  1921,  1947,  1954,  1945,  1947,  1961,  1975,  1991,  2005,  2017,  2036,  2057,  2067,  2070,  2098,  2154,  2194,  2217,  2242,  2267,  2273,  2267,  2253,  2229,  2218,  2221,  2231,  2251,  2266,  2268,  2244,  2197,  2165,  2147,  2137,  2133,  2122,  2104,  2095,  2095,  2095,  2095,  2085,  2066,  2052,  2044,  2040,  2045,  2048,  2048,  2038,  2019,  2007,  2006,  1996,  1977,  1966,  1960,  1957,  1956,  1954,  1951,  1955,  1967,  1976,  1982,  1987,  1989,  1982,  1965,  1947,  1932,  1922,  1916,  1908,  1897,  1894,  1897,  1894,  1883,  1883,  1892,  1900,  1905,  1905,  1902,  1896,  1887,  1874,  1860,  1843,  1827,  1817,  1813,  1811,  1808,  1810,  1821,  1835,  1852,  1869,  1884,  1895,  1902,  1928,  1972,  2000,  2013,  2016,  2006,  1999,  1994,  1978,  1953,  1930,  1913,  1898,  1886,  1876,  1868,  1863,  1864,  1864,  1864,  1862,  1856,  1855,  1858,  1867,  1884,  1891,  1885,  1883,  1876,  1826,-32768,-32768,-32768,-32768,-32768,-32768,-32768,-32768,-32768,-32768,  2219,  2229,  2226,  2226,  2231,  2229,  2227,  2206,  2162,  2126,  2101,  2080,  2062,  2045,  2028,  2020,  2020,  2018,  2014,  2008,  2007,  2008,  2013,  2031,  2058,  2097,  2090,  2086,  2075,  2056,
  2000,  1990,  1986,  1984,  1983,  1979,  1972,  1964,  1955,  1954,  1958,  1959,  1957,  1952,  1944,  1936,  1929,  1921,  1914,  1910,  1907,  1905,  1900,  1902,  1914,  1916,  1906,  1901,  1902,  1901,  1900,  1897,  1893,  1884,  1869,  1855,  1844,  1838,  1836,  1840,  1848,  1855,  1861,  1867,  1871,  1871,  1869,  1863,  1852,  1846,  1844,  1841,  1839,  1846,  1858,  1864,  1863,  1864,  1869,  1869,  1862,  1855,  1847,  1844,  1843,  1847,  1856,  1864,  1870,  1876,  1881,  1876,  1862,  1858,  1862,  1860,  1854,  1855,  1862,  1870,  1879,  1891,  1905,  1916,  1924,  1928,  1927,  1917,  1898,  1895,  1907,  1917,  1924,  1931,  1940,  1939,  1930,  1916,  1898,  1874,  1844,  1816,  1786,  1746,  1693,  1644,  1622,-32768,-32768,-32768,-32768,-32768,-32768,-32768,-32768,-32768,-32768,-32768,-32768,-32768,-32768,-32768,  1955,  2011,  2031,  2047,  2064,  2107,  2143,  2151,  2144,  2119,  2087,  2080,  2091,  2092,  2082,  2061,  2034,  2020,  2016,  2001,  1973,  1958,  1955,  1937,  1907,  1886,  1871,  1869,  1878,  1880,  1878,  1874,  1869,  1860,  1845,  1838,  1840,  1845,  1849,  1859,  1875,  1879,  1871,  1858,  1847,  1847,  1860,  1876,  1892,  1888,  1860,  1835,  1817,  1812,  1817,  1832,  1850,  1860,  1867,  1862,  1845,  1837,  1833,  1843,  1871,  1881,  1875,  1881,  1901,  1922,  1945,  1967,  1987,  2017,  2056,  2092,  2120,  2161,  2216,  2239,  2230,  2220,  2208,  2197,  2194,  2183,  2161,  2138,  2111,  2123,  2181,  2214,  2217,  2198,  2160,  2118,  2074,  2061,  2077,  2085,  2085,  2081,  2072,  2067,  2064,  2044,  2011,  1990,  1982,  1982,  1991,  1993,  1985,  1974,  1960,  1946,  1936,  1925,  1912,  1898,  1880,  1869,  1868,  1867,  1865,  1871,  1886,  1893,  1892,  1889,  1880,  1874,  1869,  1856,  1838,  1822,  1810,  1802,  1797,  1792,  1787,  1785,  1788,  1798,  1814,  1823,  1824,  1818,  1807,  1796,  1786,  1776,  1767,  1758,  1751,  1743,  1732,  1726,  1723,  1728,  1743,  1761,  1781,  1803,  1828,  1841,  1843,  1861,  1894,  1916,  1927,  1923,  1906,  1900,  1906,  1897,  1869,  1849,  1838,  1826,  1815,  1808,  1804,  1799,  1794,  1793,  1793,  1792,  1792,  1791,  1790,  1796,  1810,  1820,  1823,  1819,  1804,  1794,-32768,-32768,-32768,-32768,-32768,-32768,-32768,-32768,-32768,  2019,  2115,  2145,  2154,  2152,  2143,  2132,  2125,  2108,  2079,  2051,  2026,  2007,  1992,  1979,  1968,  1966,  1972,  1973,  1968,  1961,  1958,  1962,  1973,  1994,  2012,-32768,  2079,  2072,  2030,  2015,
  1963,  1954,  1942,  1933,  1924,  1914,  1905,  1896,  1887,  1888,  1897,  1899,  1895,  1889,  1880,  1872,  1865,  1855,  1844,  1839,  1837,  1833,  1824,  1822,  1829,  1827,  1814,  1808,  1810,  1810,  1811,  1812,  1814,  1807,  1790,  1777,  1767,  1758,  1750,  1750,  1758,  1764,  1768,  1776,  1788,  1791,  1787,  1780,  1769,  1760,  1756,  1755,  1759,  1769,  1781,  1782,  1773,  1771,  1776,  1775,  1767,  1758,  1749,  1746,  1748,  1753,  1761,  1770,  1781,  1789,  1796,  1792,  1777,  1771,  1775,  1773,  1767,  1767,  1772,  1780,  1791,  1805,  1819,  1830,  1838,  1843,  1846,  1837,  1819,  1819,  1836,  1849,  1859,  1866,  1872,  1872,  1867,  1857,  1843,  1824,  1799,  1778,  1760,  1730,  1684,  1633,  1604,  1590,-32768,-32768,-32768,-32768,-32768,-32768,-32768,-32768,-32768,-32768,-32768,-32768,  1940,  1909,  1903,  1868,  1863,  1889,  1939,  2010,  2067,  2090,  2099,  2084,  2050,  2040,  2051,  2052,  2042,  2019,  1989,  1968,  1955,  1938,  1914,  1891,  1874,  1854,  1835,  1821,  1807,  1804,  1810,  1810,  1806,  1802,  1797,  1786,  1768,  1759,  1761,  1760,  1754,  1755,  1762,  1765,  1760,  1748,  1735,  1737,  1754,  1767,  1777,  1772,  1750,  1723,  1698,  1691,  1699,  1710,  1722,  1732,  1745,  1745,  1733,  1729,  1730,  1748,  1786,  1798,  1787,  1792,  1814,  1841,  1872,  1902,  1929,  1971,  2027,  2077,  2115,  2153,  2192,  2196,  2165,  2134,  2105,  2082,  2074,  2067,  2058,  2044,  2018,  2033,  2096,  2131,  2130,  2116,  2087,  2046,  1999,  1988,  2009,  2026,  2038,  2040,  2034,  2025,  2010,  1980,  1942,  1918,  1910,  1911,  1920,  1923,  1918,  1911,  1903,  1893,  1885,  1876,  1867,  1847,  1814,  1795,  1791,  1789,  1787,  1791,  1803,  1807,  1803,  1794,  1779,  1769,  1763,  1753,  1742,  1731,  1719,  1709,  1700,  1692,  1684,  1685,  1695,  1710,  1730,  1741,  1740,  1730,  1712,  1696,  1685,  1679,  1678,  1674,  1668,  1659,  1647,  1641,  1641,  1648,  1664,  1682,  1700,  1721,  1747,  1759,  1760,  1774,  1798,  1816,  1825,  1822,  1807,  1802,  1810,  1802,  1777,  1761,  1754,  1744,  1733,  1727,  1724,  1719,  1714,  1714,  1718,  1720,  1722,  1722,  1721,  1728,  1744,  1757,  1767,  1765,  1752,  1745,  1733,  1744,  1762,  1789,  1824,  1849,  1863,  1876,  1899,  1983,  2033,  2067,  2077,  2070,  2051,  2034,  2022,  2010,  1994,  1975,  1953,  1937,  1928,  1923,  1920,  1922,  1926,  1927,  1924,  1918,  1914,  1916,  1926,  1943,  1953,-32768,-32768,-32768,  1972,  1970,
  1922,  1914,  1901,  1882,  1858,  1842,  1837,  1832,  1828,  1831,  1841,  1843,  1836,  1826,  1814,  1807,  1805,  1793,  1774,  1766,  1765,  1761,  1753,  1747,  1745,  1741,  1737,  1736,  1738,  1740,  1741,  1743,  1743,  1732,  1709,  1695,  1690,  1680,  1663,  1661,  1671,  1676,  1676,  1685,  1699,  1705,  1703,  1696,  1682,  1674,  1670,  1674,  1686,  1694,  1695,  1690,  1679,  1673,  1673,  1669,  1661,  1655,  1650,  1649,  1652,  1656,  1664,  1676,  1690,  1700,  1708,  1708,  1701,  1696,  1693,  1688,  1685,  1685,  1688,  1694,  1705,  1716,  1727,  1738,  1748,  1753,  1754,  1749,  1741,  1746,  1762,  1772,  1775,  1780,  1788,  1790,  1786,  1779,  1767,  1755,  1741,  1734,  1730,  1710,  1670,  1616,  1584,-32768,-32768,-32768,-32768,-32768,-32768,-32768,-32768,-32768,-32768,  1915,  1912,  1898,  1901,  1852,  1784,  1713,  1677,  1722,  1823,  1928,  2002,  2036,  2054,  2048,  2018,  2002,  2000,  1994,  1983,  1960,  1930,  1906,  1885,  1865,  1843,  1808,  1764,  1742,  1746,  1747,  1740,  1735,  1733,  1728,  1724,  1722,  1719,  1711,  1699,  1692,  1690,  1686,  1680,  1668,  1651,  1647,  1651,  1643,  1626,  1628,  1648,  1659,  1661,  1661,  1658,  1631,  1587,  1574,  1590,  1600,  1600,  1600,  1600,  1603,  1609,  1614,  1614,  1641,  1696,  1709,  1681,  1676,  1696,  1726,  1766,  1803,  1833,  1886,  1958,  2013,  2044,  2064,  2073,  2061,  2029,  2001,  1982,  1954,  1923,  1913,  1920,  1929,  1931,  1948,  1987,  2004,  1995,  1983,  1964,  1937,  1911,  1904,  1915,  1927,  1940,  1952,  1962,  1953,  1919,  1881,  1846,  1821,  1811,  1810,  1814,  1823,  1837,  1845,  1844,  1847,  1853,  1851,  1843,  1815,  1766,  1737,  1729,  1724,  1719,  1719,  1723,  1723,  1719,  1710,  1693,  1674,  1653,  1645,  1654,  1657,  1654,  1641,  1617,  1603,  1598,  1600,  1609,  1623,  1643,  1655,  1656,  1643,  1619,  1599,  1588,  1588,  1598,  1595,  1579,  1569,  1563,  1563,  1569,  1577,  1588,  1600,  1610,  1623,  1643,  1654,  1657,  1669,  1687,  1700,  1708,  1711,  1708,  1707,  1711,  1703,  1683,  1670,  1664,  1654,  1643,  1636,  1631,  1628,  1627,  1633,  1643,  1647,  1647,  1647,  1647,  1657,  1679,  1698,  1710,  1714,  1711,  1711,  1717,  1728,  1745,  1772,  1810,  1842,  1861,  1870,  1881,  1919,  1970,  1994,  1993,  1977,  1951,  1928,  1915,  1908,  1907,  1898,  1881,  1872,  1872,  1875,  1884,  1886,  1881,  1880,  1883,  1882,  1878,  1879,  1884,  1884,  1882,-32768,-32768,  1860,  1912,  1923,
  1871,  1865,  1850,  1829,  1804,  1786,  1779,  1775,  1773,  1777,  1785,  1783,  1773,  1761,  1747,  1739,  1737,  1727,  1710,  1699,  1694,  1689,  1685,  1679,  1671,  1667,  1669,  1671,  1675,  1676,  1676,  1674,  1669,  1655,  1633,  1619,  1614,  1605,  1591,  1587,  1593,  1595,  1594,  1601,  1616,  1622,  1620,  1614,  1601,  1592,  1587,  1592,  1605,  1610,  1604,  1596,  1586,  1579,  1576,  1571,  1564,  1560,  1557,  1558,  1561,  1566,  1573,  1585,  1603,  1615,  1620,  1621,  1617,  1614,  1609,  1605,  1604,  1604,  1606,  1610,  1618,  1626,  1635,  1646,  1657,  1662,  1662,  1661,  1660,  1666,  1677,  1683,  1683,  1687,  1696,  1699,  1697,  1693,  1687,  1683,  1680,  1682,  1685,  1671,  1638,  1591,  1563,-32768,-32768,-32768,-32768,-32768,-32768,-32768,-32768,-32768,-32768,  1886,  1878,  1854,  1806,  1730,  1645,  1573,  1545,  1612,  1739,  1855,  1929,  1968,  1996,  1993,  1958,  1933,  1922,  1908,  1894,  1869,  1838,  1814,  1795,  1778,  1758,  1721,  1666,  1638,  1638,  1643,  1646,  1648,  1649,  1647,  1644,  1641,  1634,  1626,  1617,  1609,  1603,  1595,  1586,  1568,  1544,  1534,  1539,  1535,  1524,  1525,  1538,  1542,  1537,  1539,  1546,  1525,  1479,  1463,  1475,  1478,  1471,  1465,  1461,  1463,  1472,  1479,  1482,  1511,  1567,  1579,  1549,  1538,  1550,  1576,  1615,  1656,  1693,  1746,  1813,  1864,  1894,  1910,  1912,  1897,  1868,  1848,  1843,  1816,  1773,  1756,  1766,  1776,  1779,  1789,  1815,  1824,  1816,  1810,  1802,  1789,  1777,  1770,  1766,  1771,  1784,  1798,  1811,  1809,  1784,  1748,  1714,  1682,  1661,  1662,  1676,  1700,  1737,  1768,  1789,  1807,  1817,  1814,  1804,  1776,  1733,  1700,  1678,  1666,  1665,  1662,  1658,  1650,  1636,  1622,  1604,  1583,  1560,  1552,  1564,  1571,  1573,  1561,  1536,  1522,  1518,  1522,  1531,  1541,  1555,  1563,  1564,  1551,  1526,  1505,  1493,  1496,  1511,  1510,  1490,  1482,  1486,  1491,  1496,  1501,  1507,  1515,  1522,  1528,  1539,  1545,  1545,  1551,  1558,  1569,  1584,  1594,  1596,  1595,  1597,  1591,  1579,  1572,  1567,  1559,  1551,  1543,  1535,  1535,  1542,  1553,  1567,  1573,  1575,  1574,  1571,  1581,  1603,  1624,  1642,  1652,  1656,  1663,  1674,  1687,  1702,  1727,  1762,  1836,  1858,  1863,  1849,  1866,  1898,  1910,  1903,  1881,  1846,  1821,  1812,  1811,  1816,  1815,  1807,  1805,  1812,  1820,  1828,  1831,  1826,  1829,  1839,  1844,  1845,  1846,  1864,  1853,  1772,-32768,  1762,  1830,  1853,  1867,
  1804,  1802,  1785,  1770,  1758,  1743,  1728,  1721,  1720,  1721,  1723,  1717,  1706,  1693,  1678,  1669,  1663,  1657,  1651,  1640,  1626,  1619,  1619,  1615,  1605,  1602,  1607,  1611,  1614,  1614,  1609,  1601,  1589,  1575,  1559,  1547,  1537,  1532,  1531,  1529,  1523,  1520,  1518,  1524,  1534,  1538,  1538,  1533,  1524,  1515,  1508,  1509,  1517,  1518,  1509,  1501,  1494,  1489,  1486,  1482,  1476,  1472,  1470,  1472,  1476,  1481,  1486,  1499,  1520,  1531,  1532,  1530,  1527,  1524,  1523,  1523,  1525,  1526,  1527,  1528,  1532,  1537,  1545,  1555,  1565,  1570,  1572,  1575,  1577,  1580,  1581,  1583,  1584,  1589,  1600,  1604,  1602,  1603,  1607,  1612,  1617,  1622,  1624,  1614,  1588,  1551,  1530,-32768,-32768,-32768,-32768,-32768,-32768,-32768,-32768,  1785,  1789,  1822,  1798,  1755,  1696,  1608,  1520,  1472,  1478,  1560,  1683,  1784,  1845,  1885,  1927,  1924,  1873,  1837,  1820,  1802,  1781,  1752,  1717,  1696,  1690,  1680,  1664,  1632,  1583,  1543,  1515,  1512,  1529,  1544,  1558,  1563,  1561,  1555,  1542,  1530,  1521,  1511,  1500,  1488,  1473,  1456,  1440,  1430,  1426,  1426,  1429,  1429,  1425,  1416,  1405,  1404,  1410,  1398,  1369,  1353,  1350,  1343,  1330,  1324,  1323,  1321,  1320,  1323,  1330,  1355,  1397,  1409,  1392,  1382,  1383,  1398,  1427,  1469,  1517,  1562,  1602,  1643,  1681,  1707,  1721,  1714,  1688,  1676,  1685,  1665,  1623,  1601,  1602,  1594,  1570,  1566,  1587,  1600,  1601,  1606,  1610,  1607,  1602,  1591,  1571,  1564,  1575,  1581,  1578,  1587,  1595,  1578,  1548,  1508,  1470,  1472,  1505,  1550,  1610,  1669,  1717,  1748,  1751,  1743,  1731,  1717,  1701,  1670,  1623,  1602,  1610,  1607,  1595,  1575,  1545,  1522,  1504,  1489,  1477,  1467,  1462,  1462,  1464,  1459,  1445,  1438,  1436,  1443,  1456,  1461,  1462,  1463,  1462,  1450,  1432,  1413,  1397,  1399,  1416,  1417,  1400,  1400,  1417,  1425,  1424,  1423,  1424,  1431,  1440,  1442,  1442,  1438,  1433,  1427,  1419,  1431,  1464,  1481,  1478,  1475,  1475,  1474,  1474,  1475,  1471,  1467,  1465,  1457,  1445,  1447,  1463,  1478,  1493,  1503,  1510,  1509,  1500,  1504,  1520,  1542,  1566,  1581,  1588,  1602,  1621,  1634,  1645,  1663,  1681,-32768,-32768,-32768,  1806,  1810,  1816,  1815,  1809,  1784,  1739,  1716,  1718,  1721,  1723,  1726,  1730,  1737,  1751,  1757,  1755,  1757,  1765,  1777,  1790,  1800,  1807,  1831,-32768,-32768,  1642,  1618,  1727,  1769,  1782,  1793,
  1721,  1726,  1712,  1702,  1699,  1690,  1676,  1668,  1665,  1661,  1655,  1647,  1638,  1625,  1609,  1598,  1591,  1586,  1583,  1571,  1553,  1546,  1549,  1545,  1533,  1528,  1534,  1538,  1539,  1536,  1529,  1520,  1507,  1496,  1487,  1478,  1468,  1462,  1462,  1460,  1454,  1450,  1448,  1450,  1454,  1456,  1454,  1450,  1443,  1434,  1426,  1424,  1428,  1426,  1417,  1410,  1405,  1403,  1402,  1398,  1393,  1390,  1388,  1389,  1394,  1399,  1403,  1414,  1432,  1442,  1442,  1441,  1438,  1437,  1438,  1439,  1443,  1444,  1444,  1445,  1447,  1451,  1458,  1466,  1475,  1480,  1484,  1488,  1492,  1495,  1493,  1493,  1494,  1498,  1507,  1514,  1518,  1523,  1529,  1535,  1541,  1549,  1554,  1548,  1530,  1503,  1488,-32768,-32768,-32768,-32768,-32768,-32768,-32768,-32768,  1764,  1763,  1747,  1700,  1635,  1567,  1493,  1437,  1436,  1484,  1567,  1660,  1733,  1777,  1806,  1835,  1830,  1786,  1751,  1727,  1704,  1679,  1644,  1600,  1575,  1571,  1563,  1548,  1521,  1482,  1444,  1412,  1406,  1421,  1436,  1451,  1458,  1456,  1449,  1436,  1426,  1420,  1411,  1399,  1384,  1365,  1348,  1335,  1323,  1315,  1314,  1320,  1319,  1314,  1302,  1285,  1277,  1278,  1268,  1249,  1233,  1224,  1213,  1200,  1196,  1196,  1192,  1186,  1186,  1194,  1210,  1235,  1243,  1236,  1228,  1223,  1232,  1254,  1293,  1340,  1378,  1407,  1438,  1471,  1494,  1509,  1509,  1491,  1486,  1495,  1480,  1445,  1427,  1428,  1412,  1378,  1364,  1375,  1383,  1387,  1394,  1399,  1399,  1396,  1384,  1358,  1346,  1350,  1349,  1340,  1346,  1355,  1346,  1326,  1293,  1257,  1260,  1300,  1357,  1432,  1511,  1584,  1631,  1643,  1638,  1627,  1619,  1618,  1590,  1536,  1511,  1521,  1517,  1502,  1482,  1449,  1424,  1407,  1396,  1393,  1383,  1370,  1361,  1355,  1350,  1345,  1342,  1341,  1349,  1364,  1370,  1371,  1369,  1363,  1350,  1334,  1316,  1298,  1298,  1312,  1319,  1316,  1324,  1344,  1353,  1351,  1349,  1346,  1349,  1357,  1356,  1351,  1341,  1328,  1317,  1308,  1322,  1359,  1377,  1374,  1371,  1370,  1373,  1380,  1386,  1385,  1382,  1380,  1373,  1362,  1366,  1385,  1402,  1416,  1427,  1437,  1437,  1428,  1431,  1445,  1465,  1487,  1504,  1520,  1538,  1555,  1567,  1578,  1591,  1599,  1568,-32768,-32768,  1737,  1738,  1724,  1714,  1711,  1687,  1638,  1617,  1625,  1632,  1638,  1644,  1651,  1659,  1673,  1680,  1682,  1689,  1703,  1716,  1725,  1733,  1787,-32768,-32768,  1503,  1547,  1581,  1646,  1684,  1688,  1700,
  1623,  1637,  1630,  1626,  1627,  1624,  1620,  1614,  1606,  1596,  1583,  1574,  1570,  1559,  1540,  1529,  1525,  1518,  1508,  1495,  1478,  1473,  1478,  1473,  1457,  1450,  1453,  1454,  1453,  1448,  1442,  1435,  1426,  1421,  1420,  1415,  1407,  1397,  1388,  1385,  1388,  1389,  1386,  1384,  1382,  1378,  1371,  1364,  1358,  1350,  1341,  1337,  1338,  1337,  1332,  1327,  1323,  1322,  1324,  1322,  1318,  1314,  1312,  1313,  1315,  1319,  1323,  1330,  1341,  1349,  1353,  1355,  1353,  1352,  1354,  1356,  1361,  1362,  1360,  1361,  1364,  1370,  1376,  1383,  1391,  1396,  1401,  1404,  1408,  1412,  1414,  1415,  1416,  1417,  1421,  1431,  1446,  1454,  1454,  1455,  1457,  1465,  1476,  1478,  1468,  1452,  1443,-32768,-32768,-32768,-32768,-32768,-32768,-32768,-32768,  1710,  1704,  1667,  1593,  1503,  1424,  1379,  1380,  1437,  1530,  1607,  1654,  1696,  1728,  1734,  1724,  1716,  1706,  1683,  1650,  1621,  1591,  1547,  1491,  1456,  1446,  1433,  1415,  1393,  1367,  1344,  1330,  1325,  1325,  1326,  1332,  1334,  1329,  1323,  1315,  1311,  1311,  1307,  1297,  1283,  1261,  1243,  1227,  1214,  1205,  1199,  1196,  1198,  1206,  1198,  1176,  1160,  1149,  1135,  1119,  1106,  1098,  1091,  1084,  1082,  1083,  1080,  1073,  1072,  1075,  1078,  1084,  1087,  1085,  1081,  1075,  1083,  1107,  1139,  1174,  1209,  1243,  1268,  1285,  1294,  1298,  1299,  1295,  1290,  1285,  1270,  1249,  1243,  1252,  1245,  1217,  1200,  1195,  1193,  1195,  1197,  1195,  1190,  1186,  1178,  1161,  1150,  1149,  1145,  1140,  1131,  1110,  1094,  1086,  1069,  1051,  1058,  1092,  1148,  1224,  1313,  1403,  1464,  1490,  1494,  1480,  1471,  1470,  1447,  1404,  1382,  1386,  1379,  1363,  1351,  1332,  1315,  1302,  1298,  1302,  1297,  1286,  1269,  1247,  1235,  1235,  1234,  1233,  1242,  1257,  1270,  1285,  1287,  1272,  1254,  1236,  1216,  1197,  1192,  1197,  1211,  1230,  1246,  1257,  1265,  1269,  1269,  1265,  1264,  1267,  1266,  1262,  1248,  1226,  1217,  1220,  1237,  1267,  1283,  1283,  1283,  1283,  1287,  1294,  1302,  1306,  1303,  1294,  1287,  1284,  1292,  1308,  1324,  1339,  1350,  1358,  1359,  1356,  1363,  1380,  1395,  1405,  1421,  1446,  1464,  1472,  1484,  1502,  1516,  1528,  1540,  1532,  1569,  1656,  1657,  1625,  1610,  1615,  1595,  1548,  1528,  1536,  1549,  1566,  1574,  1574,  1575,  1580,  1593,  1615,  1633,  1649,  1657,  1684,  1688,-32768,-32768,  1417,  1461,  1470,  1499,  1548,  1573,  1572,  1588,
  1523,  1541,  1538,  1539,  1546,  1548,  1547,  1541,  1530,  1517,  1502,  1495,  1497,  1488,  1468,  1458,  1456,  1450,  1441,  1430,  1419,  1415,  1417,  1410,  1392,  1382,  1380,  1380,  1381,  1377,  1370,  1363,  1357,  1353,  1354,  1349,  1341,  1331,  1322,  1318,  1323,  1326,  1325,  1321,  1314,  1306,  1296,  1289,  1282,  1274,  1265,  1260,  1259,  1257,  1256,  1254,  1252,  1252,  1254,  1252,  1248,  1245,  1244,  1244,  1243,  1245,  1248,  1252,  1258,  1263,  1269,  1271,  1271,  1271,  1274,  1277,  1281,  1284,  1283,  1284,  1288,  1294,  1301,  1308,  1313,  1317,  1321,  1324,  1327,  1333,  1338,  1340,  1340,  1340,  1343,  1354,  1373,  1383,  1385,  1384,  1384,  1390,  1403,  1412,  1413,  1407,  1422,-32768,-32768,-32768,-32768,-32768,-32768,-32768,  1592,  1638,  1630,  1589,  1509,  1408,  1320,  1292,  1326,  1407,  1511,  1579,  1607,  1633,  1653,  1650,  1630,  1623,  1626,  1609,  1573,  1540,  1507,  1464,  1412,  1376,  1358,  1336,  1307,  1283,  1263,  1246,  1236,  1230,  1221,  1216,  1217,  1217,  1214,  1208,  1200,  1197,  1200,  1198,  1191,  1177,  1158,  1140,  1127,  1111,  1095,  1084,  1076,  1075,  1082,  1077,  1060,  1044,  1027,  1011,   996,   986,   984,   982,   981,   980,   978,   975,   971,   965,   959,   951,   945,   945,   950,   949,   942,   947,   967,   991,  1016,  1046,  1079,  1099,  1106,  1109,  1109,  1107,  1101,  1092,  1081,  1072,  1067,  1070,  1079,  1078,  1064,  1051,  1040,  1031,  1025,  1020,  1016,  1012,  1012,  1010,   999,   994,   993,   988,   980,   961,   931,   912,   904,   895,   890,   897,   922,   972,  1046,  1126,  1202,  1259,  1292,  1304,  1298,  1290,  1282,  1262,  1233,  1212,  1206,  1195,  1182,  1177,  1171,  1167,  1168,  1177,  1190,  1191,  1183,  1165,  1138,  1120,  1111,  1109,  1114,  1128,  1144,  1164,  1189,  1196,  1184,  1164,  1138,  1118,  1106,  1097,  1093,  1105,  1130,  1148,  1158,  1166,  1169,  1171,  1171,  1170,  1170,  1169,  1167,  1157,  1140,  1132,  1135,  1150,  1175,  1191,  1197,  1201,  1202,  1206,  1213,  1220,  1223,  1220,  1211,  1208,  1214,  1225,  1240,  1256,  1270,  1280,  1287,  1290,  1288,  1295,  1310,  1321,  1328,  1343,  1367,  1382,  1387,  1401,  1421,  1437,  1454,  1475,  1496,  1526,  1560,  1557,  1525,  1508,  1511,  1495,  1459,  1449,  1462,  1478,  1498,  1504,  1498,  1497,  1501,  1518,  1548,  1570,  1586,  1632,-32768,-32768,-32768,  1340,  1376,  1371,  1372,  1396,  1437,  1461,  1468,  1489,
  1432,  1444,  1442,  1449,  1464,  1467,  1462,  1453,  1441,  1428,  1415,  1413,  1421,  1416,  1397,  1388,  1386,  1384,  1383,  1379,  1372,  1367,  1364,  1352,  1334,  1322,  1315,  1317,  1325,  1323,  1313,  1305,  1299,  1294,  1291,  1283,  1272,  1266,  1265,  1264,  1264,  1265,  1267,  1262,  1251,  1241,  1232,  1223,  1214,  1206,  1198,  1193,  1190,  1188,  1188,  1188,  1190,  1192,  1193,  1189,  1183,  1180,  1182,  1182,  1178,  1177,  1178,  1180,  1185,  1188,  1190,  1193,  1194,  1197,  1199,  1202,  1206,  1209,  1212,  1214,  1217,  1224,  1234,  1240,  1243,  1244,  1246,  1248,  1250,  1256,  1264,  1267,  1265,  1267,  1275,  1285,  1300,  1313,  1324,  1327,  1324,  1327,  1336,  1350,  1362,  1366,-32768,-32768,-32768,-32768,-32768,-32768,-32768,  1530,  1554,  1553,  1546,  1513,  1451,  1352,  1251,  1222,  1258,  1330,  1419,  1482,  1519,  1541,  1548,  1549,  1547,  1544,  1537,  1517,  1485,  1453,  1420,  1388,  1360,  1331,  1302,  1266,  1220,  1188,  1171,  1150,  1133,  1121,  1111,  1107,  1111,  1115,  1116,  1109,  1096,  1089,  1089,  1086,  1079,  1069,  1055,  1043,  1035,  1016,   989,   972,   964,   955,   947,   942,   942,   933,   917,   900,   884,   879,   883,   888,   891,   889,   882,   879,   878,   868,   848,   830,   820,   821,   832,   834,   824,   824,   837,   853,   872,   895,   922,   937,   941,   946,   953,   945,   921,   905,   893,   893,   907,   914,   912,   915,   919,   918,   912,   898,   878,   866,   863,   863,   873,   875,   865,   864,   870,   865,   851,   834,   815,   796,   778,   769,   773,   779,   792,   834,   904,   962,  1000,  1037,  1069,  1090,  1100,  1093,  1072,  1055,  1044,  1026,  1007,   994,   987,   986,   984,   991,  1006,  1028,  1049,  1058,  1058,  1048,  1029,  1005,   978,   972,   988,  1008,  1026,  1050,  1079,  1095,  1097,  1079,  1041,  1022,  1025,  1021,  1010,  1012,  1027,  1042,  1056,  1061,  1054,  1054,  1063,  1065,  1062,  1061,  1061,  1062,  1064,  1059,  1047,  1054,  1075,  1093,  1108,  1117,  1120,  1125,  1132,  1135,  1133,  1130,  1128,  1133,  1145,  1161,  1179,  1194,  1205,  1213,  1221,  1223,  1220,  1223,  1232,  1243,  1258,  1272,  1284,  1296,  1306,  1320,  1337,  1353,  1374,  1395,  1412,  1430,  1443,  1440,  1424,  1409,  1397,  1384,  1367,  1372,  1393,  1412,  1426,  1428,  1419,  1418,  1429,  1447,  1469,  1487,  1493,-32768,-32768,-32768,  1263,  1297,  1288,  1274,  1263,  1282,  1322,  1356,  1386,  1411,
  1330,  1339,  1352,  1369,  1387,  1391,  1387,  1380,  1371,  1359,  1346,  1344,  1353,  1351,  1336,  1328,  1326,  1326,  1327,  1325,  1318,  1311,  1306,  1294,  1277,  1265,  1256,  1257,  1267,  1268,  1260,  1253,  1247,  1241,  1234,  1225,  1215,  1211,  1212,  1212,  1211,  1211,  1213,  1207,  1194,  1184,  1176,  1167,  1158,  1150,  1144,  1138,  1133,  1129,  1127,  1127,  1131,  1133,  1134,  1130,  1124,  1121,  1120,  1119,  1116,  1115,  1115,  1117,  1120,  1122,  1123,  1125,  1128,  1130,  1133,  1137,  1141,  1145,  1148,  1150,  1153,  1159,  1169,  1176,  1178,  1178,  1176,  1176,  1177,  1183,  1191,  1196,  1196,  1200,  1209,  1220,  1232,  1246,  1262,  1270,  1271,  1274,  1280,  1295,  1313,  1321,-32768,-32768,-32768,-32768,-32768,-32768,  1531,  1530,  1479,  1470,  1458,  1427,  1372,  1282,  1185,  1155,  1185,  1240,  1306,  1361,  1406,  1430,  1435,  1438,  1443,  1442,  1435,  1416,  1386,  1354,  1317,  1291,  1277,  1254,  1225,  1188,  1137,  1103,  1084,  1062,  1041,  1023,  1008,  1004,  1009,  1014,  1014,  1007,   991,   982,   977,   973,   968,   961,   952,   942,   934,   915,   887,   867,   856,   842,   827,   820,   824,   819,   806,   793,   781,   780,   788,   795,   799,   797,   788,   785,   785,   772,   744,   722,   710,   710,   720,   722,   716,   716,   724,   736,   749,   767,   786,   796,   796,   796,   798,   786,   760,   743,   734,   738,   757,   767,   766,   776,   793,   798,   794,   781,   760,   746,   742,   741,   748,   753,   750,   755,   764,   761,   747,   732,   717,   698,   676,   667,   673,   680,   691,   724,   780,   819,   837,   858,   881,   899,   912,   906,   880,   866,   866,   852,   832,   820,   815,   813,   811,   819,   839,   864,   886,   902,   912,   911,   902,   883,   857,   853,   873,   897,   920,   948,   978,   995,  1002,   988,   955,   941,   947,   944,   932,   928,   934,   941,   951,   953,   942,   940,   945,   948,   948,   949,   950,   953,   962,   961,   951,   956,   971,   990,  1011,  1025,  1031,  1036,  1041,  1045,  1045,  1047,  1050,  1058,  1071,  1088,  1105,  1120,  1131,  1140,  1148,  1150,  1149,  1151,  1156,  1166,  1182,  1194,  1203,  1213,  1225,  1236,  1249,  1262,  1279,  1296,  1308,  1319,  1326,  1324,  1316,  1304,  1291,  1282,  1277,  1288,  1312,  1330,  1342,  1342,  1333,  1334,  1350,  1366,  1382,  1397,  1394,  1313,  1257,  1214,  1230,  1215,  1195,  1180,  1176,  1196,  1234,  1271,  1309,  1328,
  1215,  1225,  1263,  1296,  1316,  1324,  1326,  1326,  1323,  1312,  1296,  1289,  1295,  1293,  1283,  1277,  1273,  1270,  1269,  1265,  1255,  1246,  1242,  1233,  1219,  1209,  1200,  1200,  1209,  1212,  1209,  1206,  1201,  1194,  1184,  1175,  1169,  1164,  1161,  1161,  1162,  1162,  1160,  1153,  1141,  1133,  1129,  1122,  1113,  1106,  1100,  1094,  1085,  1077,  1072,  1070,  1073,  1077,  1080,  1078,  1074,  1068,  1061,  1059,  1060,  1061,  1061,  1062,  1066,  1067,  1066,  1067,  1070,  1073,  1075,  1079,  1086,  1090,  1090,  1092,  1094,  1099,  1107,  1113,  1118,  1117,  1110,  1108,  1110,  1114,  1120,  1127,  1135,  1141,  1147,  1156,  1169,  1183,  1198,  1211,  1222,  1229,  1231,  1243,  1259,  1298,-32768,-32768,-32768,-32768,-32768,-32768,-32768,-32768,  1398,  1392,  1373,  1335,  1275,  1198,  1121,  1096,  1120,  1153,  1189,  1231,  1275,  1303,  1313,  1315,  1311,  1309,  1311,  1299,  1272,  1237,  1192,  1163,  1152,  1136,  1117,  1088,  1047,  1016,   993,   971,   953,   932,   908,   900,   906,   909,   905,   897,   885,   875,   866,   860,   857,   853,   847,   837,   821,   805,   787,   769,   753,   737,   722,   712,   708,   703,   695,   689,   686,   689,   696,   701,   705,   703,   695,   691,   689,   675,   649,   628,   617,   613,   616,   618,   619,   622,   629,   638,   648,   659,   668,   672,   669,   658,   642,   628,   617,   609,   605,   608,   621,   633,   643,   662,   685,   691,   684,   675,   666,   657,   649,   641,   636,   641,   652,   664,   671,   670,   660,   645,   628,   610,   596,   587,   586,   596,   614,   640,   673,   701,   720,   733,   738,   745,   752,   746,   726,   716,   719,   713,   699,   690,   685,   682,   682,   686,   699,   714,   725,   741,   759,   767,   766,   759,   752,   757,   773,   798,   829,   859,   884,   896,   896,   889,   879,   872,   869,   865,   858,   853,   852,   852,   852,   851,   846,   838,   829,   829,   837,   842,   842,   840,   838,   842,   851,   859,   866,   882,   906,   923,   933,   938,   939,   946,   958,   967,   973,   981,   992,  1005,  1015,  1030,  1049,  1061,  1065,  1068,  1070,  1074,  1078,  1086,  1096,  1108,  1119,  1131,  1142,  1151,  1158,  1164,  1173,  1184,  1195,  1205,  1214,  1212,  1202,  1196,  1195,  1194,  1194,  1205,  1224,  1238,  1250,  1252,  1245,  1249,  1267,  1281,  1291,  1302,  1301,  1267,  1207,  1167,  1159,  1140,  1104,  1093,  1108,  1135,  1167,  1198,  1231,  1235,
  1126,  1140,  1185,  1223,  1247,  1264,  1274,  1277,  1274,  1264,  1250,  1244,  1246,  1241,  1227,  1218,  1212,  1208,  1207,  1205,  1195,  1189,  1188,  1180,  1164,  1153,  1146,  1146,  1152,  1155,  1152,  1149,  1146,  1141,  1132,  1125,  1121,  1117,  1112,  1111,  1113,  1110,  1106,  1099,  1090,  1084,  1080,  1074,  1066,  1060,  1055,  1047,  1038,  1029,  1023,  1020,  1022,  1024,  1027,  1024,  1021,  1015,  1007,  1006,  1011,  1015,  1016,  1017,  1018,  1018,  1016,  1018,  1022,  1025,  1028,  1031,  1035,  1037,  1036,  1037,  1039,  1043,  1048,  1053,  1056,  1055,  1050,  1047,  1048,  1052,  1060,  1067,  1074,  1080,  1085,  1093,  1105,  1118,  1133,  1149,  1165,  1174,  1176,  1187,  1198,-32768,-32768,-32768,-32768,-32768,-32768,-32768,-32768,  1256,  1310,  1309,  1287,  1251,  1200,  1140,  1078,  1049,  1058,  1067,  1075,  1101,  1138,  1163,  1173,  1169,  1154,  1146,  1145,  1136,  1118,  1088,  1045,  1015,  1000,   985,   975,   959,   933,   908,   884,   862,   846,   827,   805,   796,   798,   798,   795,   788,   776,   765,   755,   749,   746,   743,   739,   730,   717,   704,   692,   677,   660,   644,   629,   617,   608,   602,   596,   595,   596,   602,   609,   613,   616,   615,   610,   607,   603,   590,   567,   548,   536,   530,   528,   530,   534,   537,   542,   548,   556,   564,   568,   567,   560,   544,   522,   507,   501,   497,   494,   496,   506,   521,   539,   562,   586,   594,   588,   583,   582,   578,   570,   561,   553,   558,   573,   585,   589,   587,   580,   568,   552,   539,   531,   526,   524,   534,   554,   573,   592,   611,   628,   635,   631,   631,   635,   630,   615,   608,   611,   609,   602,   596,   590,   587,   586,   583,   583,   588,   592,   604,   621,   633,   641,   646,   652,   664,   681,   708,   741,   771,   795,   805,   804,   803,   803,   798,   789,   782,   778,   773,   770,   766,   762,   760,   758,   749,   732,   730,   740,   745,   746,   743,   739,   742,   752,   761,   770,   785,   805,   820,   831,   839,   844,   853,   868,   880,   891,   902,   914,   925,   933,   948,   969,   982,   987,   989,   991,   993,   995,  1001,  1011,  1021,  1033,  1046,  1057,  1066,  1070,  1075,  1081,  1090,  1098,  1105,  1112,  1111,  1104,  1104,  1113,  1120,  1125,  1136,  1149,  1159,  1167,  1170,  1167,  1171,  1184,  1193,  1197,  1204,  1203,  1176,  1127,  1094,  1091,  1077,  1041,  1028,  1043,  1064,  1088,  1112,  1140,  1143,
  1072,  1094,  1124,  1156,  1182,  1205,  1223,  1226,  1214,  1205,  1202,  1201,  1200,  1188,  1163,  1147,  1141,  1138,  1140,  1141,  1136,  1136,  1143,  1135,  1111,  1097,  1092,  1092,  1097,  1095,  1087,  1082,  1081,  1080,  1077,  1074,  1071,  1067,  1063,  1061,  1061,  1055,  1046,  1040,  1037,  1033,  1027,  1021,  1013,  1008,  1005,  1000,   991,   985,   982,   979,   977,   977,   976,   972,   966,   961,   957,   960,   968,   975,   979,   979,   977,   975,   974,   976,   982,   987,   991,   992,   989,   987,   985,   986,   989,   992,   994,   996,   995,   996,   998,   996,   991,   996,  1010,  1017,  1016,  1018,  1024,  1031,  1040,  1052,  1067,  1082,  1098,  1108,  1114,  1127,  1135,-32768,-32768,-32768,-32768,-32768,-32768,-32768,  1172,  1220,  1226,  1220,  1199,  1172,  1143,  1105,  1054,  1021,  1011,   996,   979,   984,  1007,  1022,  1025,  1012,   986,   964,   949,   940,   936,   920,   891,   859,   830,   812,   810,   808,   801,   787,   762,   740,   725,   711,   700,   692,   684,   682,   686,   680,   666,   655,   647,   641,   637,   633,   630,   626,   622,   614,   602,   590,   577,   563,   546,   531,   521,   512,   505,   504,   510,   516,   523,   527,   530,   531,   531,   530,   526,   514,   494,   476,   463,   455,   452,   454,   458,   458,   457,   460,   469,   476,   477,   472,   461,   446,   429,   415,   404,   398,   394,   396,   407,   424,   446,   470,   491,   500,   499,   499,   502,   502,   497,   494,   493,   497,   507,   512,   511,   508,   506,   497,   484,   475,   473,   473,   476,   486,   500,   514,   528,   541,   552,   556,   553,   555,   561,   558,   547,   538,   532,   529,   527,   522,   514,   510,   508,   499,   489,   487,   490,   497,   504,   516,   533,   546,   560,   577,   598,   625,   655,   683,   708,   722,   727,   728,   725,   717,   703,   693,   689,   685,   682,   679,   676,   675,   678,   672,   657,   653,   660,   663,   664,   664,   666,   664,   658,   666,   687,   703,   711,   721,   730,   743,   759,   771,   778,   789,   808,   824,   838,   851,   859,   873,   891,   904,   912,   915,   913,   911,   911,   916,   926,   937,   949,   961,   973,   982,   986,   993,  1006,  1016,  1019,  1021,  1023,  1022,  1022,  1029,  1043,  1056,  1064,  1074,  1082,  1087,  1089,  1091,  1095,  1097,  1100,  1103,  1104,  1108,  1106,  1093,  1073,  1052,  1039,  1026,  1004,   988,   985,   992,  1007,  1025,  1046,  1061,
  1023,  1045,  1065,  1091,  1117,  1141,  1159,  1160,  1146,  1137,  1136,  1134,  1130,  1117,  1094,  1078,  1072,  1069,  1072,  1074,  1071,  1072,  1079,  1071,  1049,  1038,  1037,  1035,  1033,  1026,  1016,  1011,  1010,  1012,  1015,  1015,  1013,  1009,  1003,  1000,  1001,   995,   982,   976,   975,   973,   971,   965,   958,   955,   955,   953,   947,   943,   941,   937,   932,   929,   926,   920,   914,   909,   907,   913,   925,   933,   935,   936,   935,   934,   933,   937,   944,   948,   951,   950,   945,   942,   939,   939,   942,   944,   945,   946,   947,   949,   954,   951,   943,   946,   960,   969,   971,   972,   973,   979,   988,   998,  1008,  1021,  1036,  1047,  1055,  1066,  1072,  1037,-32768,-32768,-32768,-32768,-32768,  1092,  1138,  1147,  1141,  1125,  1104,  1087,  1076,  1058,  1024,   993,   972,   942,   909,   893,   890,   889,   883,   862,   828,   798,   774,   765,   766,   761,   745,   722,   696,   679,   675,   673,   669,   660,   644,   622,   601,   586,   579,   574,   567,   567,   573,   570,   557,   549,   546,   542,   539,   535,   531,   529,   531,   527,   518,   508,   499,   486,   469,   454,   442,   432,   423,   422,   427,   433,   439,   445,   450,   454,   458,   458,   455,   444,   426,   410,   397,   391,   390,   389,   388,   384,   380,   382,   388,   393,   393,   386,   374,   360,   346,   333,   324,   317,   312,   314,   326,   343,   365,   388,   407,   418,   421,   425,   431,   435,   434,   434,   436,   440,   443,   443,   441,   439,   438,   431,   423,   419,   421,   425,   431,   440,   451,   462,   472,   480,   486,   487,   485,   487,   493,   492,   485,   477,   468,   463,   462,   458,   451,   445,   440,   429,   416,   410,   410,   412,   413,   423,   440,   455,   471,   491,   515,   543,   569,   594,   615,   629,   636,   638,   634,   626,   614,   606,   603,   602,   603,   602,   598,   596,   599,   594,   582,   579,   583,   584,   584,   583,   584,   580,   569,   575,   598,   614,   624,   633,   641,   654,   672,   684,   690,   701,   722,   741,   758,   774,   784,   797,   812,   824,   834,   837,   833,   830,   827,   831,   839,   848,   860,   871,   884,   894,   903,   914,   927,   937,   939,   940,   942,   943,   946,   956,   974,   988,   996,  1003,  1007,  1009,  1008,  1010,  1017,  1021,  1021,  1022,  1023,  1026,  1026,  1022,  1018,  1006,   992,   981,   968,   953,   940,   939,   948,   962,   979,   999,
   968,   985,   999,  1022,  1049,  1071,  1082,  1082,  1069,  1058,  1051,  1043,  1034,  1026,  1018,  1010,  1003,  1000,  1001,  1002,   998,   994,   991,   984,   976,   973,   975,   971,   958,   946,   937,   931,   929,   933,   943,   946,   943,   937,   927,   925,   932,   927,   914,   905,   901,   902,   907,   905,   897,   896,   901,   903,   903,   901,   899,   893,   884,   878,   875,   869,   861,   856,   856,   864,   880,   887,   884,   884,   889,   891,   892,   897,   905,   907,   904,   903,   902,   900,   896,   895,   897,   899,   900,   904,   910,   915,   917,   913,   904,   903,   909,   920,   936,   939,   931,   933,   946,   954,   957,   966,   981,   993,  1001,  1009,  1012,  1010,   981,-32768,-32768,-32768,-32768,  1068,  1078,  1078,  1061,  1037,  1013,  1001,  1002,   998,   979,   954,   925,   889,   855,   823,   790,   771,   758,   733,   701,   668,   644,   631,   626,   623,   619,   614,   613,   603,   589,   573,   553,   543,   541,   521,   486,   463,   454,   452,   456,   461,   465,   464,   457,   455,   457,   456,   455,   451,   445,   443,   444,   444,   441,   435,   427,   415,   400,   385,   374,   364,   356,   353,   354,   358,   364,   371,   379,   385,   389,   390,   389,   379,   362,   347,   337,   334,   336,   333,   322,   314,   312,   313,   316,   317,   317,   310,   300,   287,   272,   262,   258,   254,   247,   249,   262,   279,   297,   318,   337,   351,   359,   365,   372,   377,   379,   381,   385,   386,   383,   382,   383,   382,   379,   374,   371,   371,   376,   382,   388,   396,   406,   415,   422,   425,   425,   423,   420,   420,   422,   422,   422,   419,   415,   412,   410,   407,   401,   391,   380,   368,   357,   351,   346,   346,   351,   357,   363,   372,   387,   407,   433,   461,   487,   509,   522,   530,   533,   535,   533,   529,   526,   523,   521,   524,   531,   531,   526,   519,   514,   508,   503,   502,   505,   506,   504,   499,   496,   492,   488,   493,   507,   525,   547,   562,   568,   576,   587,   598,   607,   619,   637,   656,   678,   697,   709,   723,   736,   746,   756,   758,   754,   750,   746,   747,   752,   758,   768,   779,   791,   806,   824,   837,   845,   852,   854,   858,   866,   870,   873,   884,   901,   914,   920,   923,   922,   921,   920,   922,   928,   934,   938,   944,   950,   955,   957,   955,   950,   945,   941,   937,   930,   917,   903,   899,   905,   916,   932,   950,
   908,   920,   931,   949,   972,   988,   996,   994,   984,   972,   962,   952,   941,   935,   932,   929,   926,   926,   927,   927,   923,   917,   907,   900,   898,   898,   898,   889,   868,   855,   850,   844,   838,   841,   854,   861,   859,   855,   846,   844,   850,   845,   831,   823,   820,   822,   830,   831,   827,   831,   838,   843,   843,   843,   843,   838,   830,   824,   819,   813,   806,   803,   804,   814,   832,   840,   835,   835,   841,   844,   846,   852,   858,   860,   856,   855,   857,   855,   851,   849,   851,   853,   857,   861,   866,   870,   875,   872,   864,   863,   868,   879,   896,   899,   888,   890,   904,   909,   905,   910,   926,   940,   952,   962,   967,   969,   967,   940,-32768,-32768,  1009,  1043,  1022,  1013,   987,   956,   927,   912,   914,   918,   911,   891,   859,   822,   791,   759,   722,   700,   687,   663,   630,   596,   569,   553,   545,   542,   541,   543,   552,   545,   524,   499,   471,   457,   457,   438,   401,   376,   364,   362,   371,   377,   379,   380,   379,   381,   384,   384,   383,   379,   373,   371,   373,   373,   371,   366,   360,   350,   337,   325,   314,   305,   298,   294,   294,   296,   301,   307,   315,   320,   323,   324,   322,   315,   302,   291,   281,   278,   281,   278,   266,   257,   254,   254,   253,   254,   253,   248,   238,   227,   215,   207,   205,   201,   195,   198,   213,   230,   247,   266,   284,   298,   309,   317,   324,   331,   336,   338,   342,   340,   335,   333,   334,   333,   328,   326,   326,   330,   337,   344,   350,   358,   367,   375,   380,   380,   376,   372,   368,   368,   368,   368,   371,   373,   375,   376,   375,   372,   366,   356,   342,   330,   320,   312,   306,   304,   307,   309,   310,   314,   326,   342,   363,   387,   411,   430,   441,   446,   447,   448,   446,   446,   449,   449,   448,   453,   460,   462,   458,   449,   439,   434,   432,   434,   437,   438,   437,   434,   429,   426,   425,   430,   439,   456,   479,   495,   502,   509,   516,   525,   538,   550,   565,   583,   605,   625,   639,   653,   663,   672,   681,   684,   679,   675,   672,   671,   673,   677,   684,   694,   707,   724,   744,   757,   763,   769,   773,   779,   786,   791,   795,   806,   824,   836,   842,   843,   838,   834,   830,   832,   839,   848,   857,   866,   873,   879,   882,   881,   878,   878,   880,   881,   878,   870,   859,   854,   858,   867,   881,   896,
   844,   852,   863,   875,   887,   897,   903,   902,   895,   885,   873,   865,   859,   851,   842,   840,   846,   849,   850,   851,   849,   842,   827,   819,   818,   813,   804,   788,   764,   751,   754,   749,   735,   735,   747,   756,   760,   762,   762,   760,   756,   748,   737,   732,   733,   736,   739,   742,   748,   757,   767,   771,   767,   767,   771,   772,   769,   765,   758,   752,   748,   747,   751,   762,   781,   790,   788,   787,   791,   793,   796,   800,   804,   807,   807,   807,   809,   808,   805,   803,   803,   807,   816,   819,   814,   816,   826,   828,   822,   826,   837,   845,   851,   851,   846,   849,   861,   862,   851,   853,   869,   887,   906,   922,   934,   939,   937,   921,   878,-32768,-32768,-32768,   992,   938,   911,   876,   843,   821,   814,   817,   819,   805,   772,   738,   711,   688,   669,   657,   649,   628,   595,   561,   535,   520,   515,   512,   507,   505,   508,   496,   468,   442,   415,   398,   387,   368,   342,   322,   307,   303,   308,   311,   311,   314,   321,   324,   323,   321,   320,   317,   312,   311,   313,   311,   306,   302,   298,   292,   282,   272,   261,   253,   248,   246,   246,   247,   250,   254,   259,   263,   264,   262,   257,   253,   251,   243,   233,   229,   230,   229,   223,   216,   210,   208,   206,   206,   205,   201,   193,   185,   179,   173,   167,   163,   160,   165,   180,   197,   216,   233,   248,   261,   272,   280,   288,   296,   302,   305,   307,   304,   299,   296,   295,   293,   289,   288,   292,   297,   306,   314,   320,   327,   335,   341,   345,   343,   337,   332,   329,   328,   329,   329,   330,   335,   342,   348,   350,   348,   342,   334,   323,   311,   299,   291,   284,   278,   274,   273,   276,   279,   286,   295,   306,   323,   343,   361,   372,   378,   379,   379,   377,   379,   384,   386,   387,   390,   394,   396,   395,   388,   377,   371,   372,   375,   378,   381,   382,   382,   379,   378,   379,   384,   392,   404,   418,   431,   442,   450,   457,   467,   481,   492,   505,   520,   538,   557,   574,   587,   595,   602,   612,   614,   609,   606,   605,   605,   606,   607,   608,   617,   635,   652,   667,   676,   682,   691,   699,   704,   704,   706,   712,   725,   744,   757,   766,   768,   762,   755,   748,   749,   758,   770,   784,   795,   800,   805,   807,   808,   808,   811,   815,   818,   818,   814,   809,   807,   807,   814,   827,   838,
   780,   786,   795,   801,   803,   806,   806,   805,   802,   795,   787,   781,   776,   767,   752,   749,   757,   761,   761,   760,   759,   751,   737,   728,   724,   714,   699,   681,   657,   644,   647,   641,   628,   625,   633,   644,   656,   665,   670,   669,   663,   654,   645,   640,   640,   641,   642,   648,   660,   674,   687,   694,   695,   697,   703,   706,   706,   703,   697,   693,   690,   691,   697,   708,   726,   735,   734,   735,   738,   740,   742,   745,   748,   752,   755,   757,   758,   757,   755,   755,   757,   763,   775,   777,   770,   769,   778,   780,   777,   783,   797,   805,   807,   807,   804,   806,   814,   813,   803,   804,   818,   836,   857,   874,   886,   890,   886,   872,   854,   828,   847,-32768,-32768,   858,   835,   798,   762,   733,   717,   716,   722,   713,   686,   659,   635,   617,   602,   592,   586,   571,   545,   519,   499,   488,   483,   479,   471,   465,   460,   443,   415,   391,   368,   351,   338,   321,   300,   281,   264,   255,   254,   253,   252,   257,   267,   273,   275,   272,   267,   262,   259,   257,   257,   255,   250,   247,   247,   243,   236,   228,   219,   212,   207,   205,   206,   208,   210,   212,   214,   215,   215,   212,   206,   204,   203,   199,   192,   189,   188,   187,   187,   183,   178,   176,   174,   172,   170,   165,   158,   154,   154,   150,   144,   141,   140,   147,   161,   177,   195,   211,   224,   233,   241,   248,   256,   264,   270,   273,   273,   271,   268,   265,   265,   264,   263,   264,   267,   272,   280,   288,   294,   301,   307,   311,   315,   312,   306,   301,   297,   295,   294,   295,   298,   304,   313,   320,   324,   324,   322,   316,   307,   297,   286,   278,   269,   260,   251,   246,   246,   248,   252,   257,   261,   273,   291,   306,   316,   323,   327,   328,   326,   327,   330,   331,   334,   336,   337,   338,   339,   333,   323,   319,   320,   323,   327,   331,   335,   336,   336,   337,   339,   345,   355,   365,   375,   385,   395,   403,   410,   420,   433,   444,   455,   468,   482,   499,   515,   527,   533,   541,   551,   555,   552,   550,   548,   547,   548,   547,   546,   554,   571,   585,   594,   600,   604,   610,   614,   618,   618,   622,   629,   644,   666,   682,   692,   695,   690,   682,   673,   673,   682,   696,   714,   728,   736,   742,   746,   749,   752,   755,   758,   760,   760,   759,   759,   758,   758,   762,   770,   777,
   718,   722,   725,   725,   720,   715,   709,   706,   706,   706,   707,   704,   696,   684,   667,   660,   664,   665,   661,   657,   654,   650,   644,   633,   619,   603,   587,   571,   553,   540,   533,   527,   521,   518,   520,   532,   554,   568,   573,   575,   571,   564,   556,   548,   543,   542,   546,   556,   572,   589,   604,   618,   629,   637,   641,   642,   641,   641,   641,   639,   636,   637,   645,   655,   668,   676,   677,   680,   685,   687,   686,   687,   692,   697,   702,   704,   703,   702,   702,   706,   712,   720,   730,   734,   731,   729,   730,   729,   728,   734,   748,   759,   765,   767,   765,   764,   766,   765,   761,   765,   775,   788,   805,   817,   824,   822,   812,   804,   802,   804,   804,   770,   761,   783,   756,   717,   680,   648,   624,   619,   624,   618,   600,   579,   556,   534,   512,   498,   493,   483,   469,   455,   446,   440,   435,   429,   418,   407,   395,   377,   355,   337,   322,   311,   304,   289,   268,   248,   229,   213,   203,   200,   203,   210,   218,   228,   240,   238,   224,   216,   213,   209,   204,   202,   202,   203,   206,   204,   197,   192,   187,   180,   171,   168,   171,   174,   177,   178,   177,   176,   176,   174,   170,   166,   160,   157,   159,   158,   153,   152,   156,   157,   155,   154,   152,   148,   142,   136,   130,   130,   136,   136,   131,   130,   132,   139,   149,   164,   181,   195,   205,   210,   212,   216,   224,   232,   237,   239,   239,   238,   238,   238,   240,   243,   247,   249,   248,   251,   258,   266,   274,   279,   282,   285,   288,   286,   279,   273,   270,   267,   263,   265,   274,   280,   285,   291,   297,   300,   299,   294,   285,   277,   270,   263,   254,   242,   230,   222,   217,   217,   221,   223,   225,   234,   250,   263,   271,   279,   286,   291,   293,   291,   285,   284,   288,   290,   288,   288,   289,   284,   278,   274,   275,   278,   282,   288,   293,   295,   296,   297,   299,   306,   319,   330,   341,   349,   356,   362,   370,   380,   391,   401,   413,   423,   434,   447,   462,   472,   479,   487,   498,   504,   504,   504,   501,   498,   497,   496,   497,   503,   513,   521,   525,   528,   531,   530,   523,   525,   534,   542,   549,   566,   591,   609,   620,   624,   620,   613,   605,   604,   610,   625,   648,   667,   679,   689,   696,   702,   708,   710,   707,   706,   706,   706,   708,   709,   708,   708,   709,   713,
   655,   657,   656,   651,   643,   635,   627,   623,   624,   626,   629,   627,   619,   607,   591,   580,   578,   575,   570,   563,   556,   549,   542,   530,   513,   497,   483,   468,   453,   439,   429,   425,   426,   425,   423,   434,   458,   473,   478,   483,   486,   482,   473,   464,   457,   456,   462,   475,   496,   516,   534,   552,   565,   574,   579,   581,   581,   585,   591,   591,   585,   586,   595,   605,   617,   623,   623,   626,   631,   632,   632,   633,   637,   642,   649,   652,   651,   650,   652,   658,   666,   674,   682,   687,   688,   687,   683,   682,   686,   693,   703,   712,   719,   721,   720,   718,   717,   717,   718,   722,   727,   735,   746,   754,   759,   758,   748,   742,   743,   746,   745,   740,   730,   709,   674,   635,   600,   569,   542,   532,   533,   521,   498,   476,   461,   442,   419,   404,   396,   389,   381,   373,   371,   368,   365,   359,   350,   339,   325,   310,   297,   285,   274,   269,   269,   258,   235,   215,   197,   180,   167,   162,   166,   174,   185,   197,   209,   208,   193,   183,   178,   171,   164,   163,   165,   168,   171,   171,   168,   163,   158,   151,   142,   139,   142,   145,   149,   150,   146,   144,   143,   141,   137,   132,   124,   121,   125,   125,   121,   122,   127,   130,   132,   132,   129,   125,   119,   114,   112,   114,   121,   124,   123,   125,   130,   136,   142,   153,   168,   179,   186,   188,   188,   192,   198,   203,   208,   210,   211,   212,   213,   215,   219,   225,   232,   234,   233,   235,   241,   248,   255,   259,   260,   260,   260,   257,   251,   246,   244,   242,   239,   242,   251,   256,   258,   261,   266,   267,   267,   261,   251,   244,   240,   235,   226,   213,   200,   190,   185,   183,   185,   187,   189,   199,   215,   227,   235,   242,   250,   255,   259,   256,   246,   242,   245,   246,   244,   243,   242,   237,   234,   232,   232,   236,   243,   249,   253,   256,   259,   261,   263,   271,   284,   295,   305,   312,   318,   324,   332,   342,   352,   362,   373,   382,   390,   402,   415,   424,   431,   440,   451,   458,   461,   461,   457,   453,   450,   449,   450,   454,   460,   465,   466,   468,   469,   461,   447,   446,   458,   469,   479,   497,   520,   535,   545,   549,   548,   545,   541,   542,   550,   567,   593,   614,   629,   641,   648,   654,   658,   659,   659,   659,   658,   657,   658,   658,   657,   655,   651,   651,
   589,   589,   585,   579,   571,   565,   561,   557,   555,   555,   554,   550,   543,   534,   523,   511,   501,   494,   491,   482,   468,   454,   440,   426,   414,   403,   394,   381,   364,   351,   345,   345,   352,   353,   349,   357,   376,   388,   390,   398,   410,   410,   400,   391,   385,   385,   392,   408,   431,   454,   475,   490,   498,   506,   514,   519,   522,   530,   542,   541,   529,   527,   538,   550,   564,   570,   568,   569,   572,   575,   578,   580,   581,   586,   595,   599,   600,   601,   603,   608,   616,   623,   627,   633,   640,   641,   636,   638,   649,   657,   659,   663,   666,   667,   666,   665,   665,   667,   672,   675,   675,   676,   680,   686,   695,   699,   699,   691,   679,   674,   672,   668,   656,   629,   589,   551,   520,   489,   459,   444,   440,   418,   379,   358,   360,   354,   338,   324,   311,   301,   294,   287,   282,   280,   279,   277,   272,   264,   255,   246,   240,   232,   224,   224,   233,   224,   197,   178,   167,   154,   143,   138,   138,   148,   167,   179,   183,   181,   172,   162,   151,   142,   137,   136,   138,   140,   143,   145,   149,   145,   134,   126,   121,   119,   119,   121,   126,   126,   122,   119,   116,   112,   108,   103,    96,    92,    90,    91,    93,    95,    98,   101,   106,   107,   103,   100,    96,    95,    99,   103,   106,   110,   115,   121,   128,   133,   134,   141,   153,   160,   161,   164,   168,   171,   174,   178,   183,   186,   188,   190,   192,   196,   201,   208,   213,   217,   218,   220,   225,   231,   237,   240,   239,   236,   231,   225,   220,   217,   216,   217,   221,   224,   226,   228,   229,   229,   228,   227,   226,   220,   210,   204,   202,   198,   189,   177,   165,   155,   151,   150,   148,   149,   153,   166,   184,   197,   205,   210,   215,   219,   223,   221,   211,   204,   203,   203,   205,   204,   199,   195,   195,   196,   197,   203,   211,   215,   215,   218,   227,   232,   234,   240,   250,   259,   267,   275,   282,   288,   295,   304,   316,   326,   334,   342,   351,   362,   373,   381,   388,   397,   408,   415,   418,   419,   415,   409,   406,   404,   404,   406,   410,   413,   416,   417,   416,   405,   388,   383,   391,   404,   422,   439,   452,   460,   466,   470,   473,   475,   479,   486,   498,   518,   547,   569,   583,   594,   599,   600,   597,   600,   608,   612,   610,   607,   603,   601,   600,   597,   591,   588,
   523,   521,   515,   508,   501,   498,   497,   494,   491,   488,   483,   478,   470,   462,   451,   439,   427,   420,   417,   408,   391,   375,   361,   349,   339,   331,   326,   314,   298,   289,   287,   289,   294,   296,   292,   294,   304,   311,   313,   322,   335,   339,   335,   331,   329,   332,   338,   351,   370,   390,   410,   424,   431,   437,   443,   450,   460,   470,   481,   481,   468,   466,   475,   487,   502,   508,   506,   506,   509,   513,   519,   524,   526,   531,   538,   542,   544,   545,   547,   553,   562,   569,   574,   581,   589,   592,   589,   593,   606,   612,   612,   612,   612,   611,   611,   611,   613,   615,   620,   622,   620,   618,   619,   625,   635,   640,   638,   630,   617,   607,   600,   590,   575,   547,   507,   470,   438,   407,   376,   359,   353,   329,   289,   268,   273,   271,   261,   248,   233,   221,   212,   206,   202,   200,   199,   199,   198,   195,   189,   184,   181,   177,   173,   174,   181,   175,   153,   138,   132,   123,   118,   117,   120,   131,   150,   160,   160,   158,   153,   144,   132,   123,   118,   116,   117,   117,   118,   121,   128,   127,   117,   111,   107,   105,   106,   108,   112,   111,   108,   103,    99,    95,    91,    85,    77,    72,    69,    70,    73,    75,    77,    81,    86,    87,    83,    80,    76,    78,    84,    89,    92,    97,   105,   113,   121,   124,   124,   128,   136,   140,   140,   142,   148,   152,   154,   157,   160,   163,   165,   168,   171,   176,   183,   190,   195,   199,   201,   203,   207,   213,   219,   220,   218,   214,   208,   202,   196,   192,   190,   191,   196,   199,   198,   196,   194,   191,   187,   185,   185,   181,   173,   167,   163,   159,   152,   142,   132,   124,   121,   119,   116,   116,   120,   132,   149,   163,   174,   179,   180,   182,   185,   182,   173,   166,   163,   163,   164,   164,   160,   157,   160,   164,   169,   174,   179,   180,   178,   181,   190,   197,   200,   205,   213,   221,   229,   236,   243,   249,   255,   265,   278,   287,   293,   300,   310,   320,   329,   337,   344,   352,   361,   367,   370,   371,   369,   364,   360,   358,   359,   362,   365,   368,   371,   370,   366,   353,   336,   331,   338,   350,   365,   378,   385,   389,   393,   397,   402,   408,   418,   429,   442,   461,   486,   505,   518,   530,   537,   537,   530,   533,   544,   549,   550,   545,   538,   534,   534,   531,   524,   522,
   461,   459,   449,   442,   437,   436,   437,   435,   430,   424,   417,   410,   402,   390,   375,   363,   357,   351,   347,   337,   320,   310,   306,   298,   285,   278,   276,   268,   253,   248,   253,   253,   250,   249,   249,   246,   241,   243,   250,   259,   267,   274,   282,   287,   288,   291,   295,   301,   308,   321,   338,   354,   368,   373,   370,   378,   397,   409,   416,   417,   412,   412,   416,   425,   439,   445,   443,   443,   446,   451,   459,   468,   475,   479,   479,   481,   484,   485,   486,   493,   505,   515,   523,   529,   534,   538,   542,   546,   553,   559,   561,   560,   558,   556,   554,   555,   558,   560,   561,   561,   560,   559,   560,   567,   577,   577,   567,   559,   557,   549,   534,   518,   498,   470,   436,   399,   364,   334,   309,   295,   290,   272,   241,   219,   211,   202,   192,   179,   160,   147,   136,   131,   132,   130,   126,   127,   131,   131,   129,   126,   122,   119,   119,   117,   114,   109,   101,    94,    89,    86,    88,    96,   105,   115,   125,   132,   135,   135,   130,   123,   116,   108,   102,    99,    97,    96,    95,    97,   101,   104,   104,   102,    98,    97,   101,   105,   106,   105,   101,    95,    90,    85,    82,    76,    66,    61,    61,    62,    61,    62,    66,    69,    72,    73,    71,    67,    62,    62,    69,    75,    81,    88,    96,   103,   109,   112,   114,   116,   120,   122,   124,   127,   131,   134,   137,   140,   142,   143,   143,   145,   149,   156,   165,   173,   178,   181,   182,   184,   187,   193,   199,   201,   197,   194,   192,   187,   179,   172,   167,   166,   168,   169,   169,   165,   158,   154,   153,   153,   153,   150,   146,   138,   128,   124,   123,   117,   109,   102,    99,    97,    95,    94,    94,   100,   113,   128,   145,   152,   150,   148,   148,   144,   135,   128,   127,   125,   124,   123,   123,   124,   128,   135,   144,   147,   144,   142,   142,   144,   149,   156,   162,   168,   173,   181,   191,   198,   202,   208,   217,   228,   241,   249,   253,   259,   269,   278,   284,   290,   298,   305,   311,   315,   318,   320,   320,   318,   313,   312,   318,   323,   325,   327,   329,   325,   316,   304,   291,   289,   299,   306,   311,   316,   320,   324,   326,   331,   336,   345,   360,   373,   383,   396,   409,   422,   435,   449,   463,   466,   459,   459,   465,   471,   476,   474,   465,   460,   461,   459,   455,   456,
   402,   401,   390,   383,   380,   378,   378,   374,   369,   362,   353,   345,   336,   323,   307,   296,   291,   287,   284,   274,   258,   252,   254,   249,   236,   230,   229,   224,   213,   211,   218,   217,   208,   205,   206,   203,   193,   193,   201,   210,   216,   224,   233,   240,   244,   247,   249,   250,   252,   260,   273,   288,   302,   309,   309,   319,   340,   352,   358,   361,   363,   366,   370,   377,   389,   394,   394,   394,   395,   400,   407,   415,   422,   425,   423,   424,   425,   425,   427,   435,   448,   461,   471,   477,   479,   483,   489,   494,   499,   504,   507,   507,   505,   503,   500,   501,   505,   506,   504,   504,   504,   504,   506,   509,   514,   510,   496,   488,   487,   477,   458,   441,   425,   402,   373,   340,   303,   275,   255,   245,   242,   227,   201,   179,   161,   144,   131,   116,    98,    84,    73,    70,    74,    74,    71,    70,    70,    71,    76,    75,    69,    64,    62,    57,    51,    46,    45,    43,    44,    47,    55,    67,    78,    89,    99,   104,   105,   104,    99,    95,    92,    88,    83,    78,    73,    70,    70,    71,    75,    81,    87,    90,    88,    91,    98,   104,   106,   105,   102,    95,    87,    80,    76,    70,    62,    59,    60,    61,    59,    59,    62,    64,    64,    65,    64,    62,    57,    57,    61,    66,    72,    79,    86,    91,    95,   100,   104,   107,   107,   108,   111,   113,   116,   120,   126,   128,   127,   126,   125,   127,   133,   140,   150,   157,   163,   165,   164,   165,   168,   173,   178,   179,   176,   173,   171,   165,   156,   148,   142,   139,   140,   140,   139,   135,   128,   125,   126,   128,   129,   128,   125,   116,   103,    99,   103,   101,    95,    89,    85,    84,    86,    85,    83,    85,    92,   104,   119,   123,   119,   116,   113,   108,   100,    95,    94,    91,    88,    88,    90,    93,    98,   107,   116,   118,   111,   108,   107,   109,   113,   120,   127,   132,   136,   143,   153,   159,   163,   170,   181,   192,   204,   211,   214,   220,   229,   235,   240,   245,   252,   257,   260,   263,   266,   270,   271,   271,   269,   269,   274,   279,   283,   286,   288,   283,   274,   264,   255,   256,   265,   267,   264,   262,   262,   263,   263,   266,   271,   281,   297,   310,   317,   325,   333,   342,   353,   367,   383,   387,   380,   377,   378,   383,   391,   392,   389,   388,   388,   386,   385,   391,
   342,   344,   334,   327,   325,   321,   314,   308,   305,   298,   290,   281,   272,   261,   248,   238,   231,   228,   227,   219,   205,   200,   204,   200,   189,   182,   181,   178,   174,   174,   179,   176,   165,   159,   158,   157,   154,   155,   160,   168,   179,   184,   184,   190,   199,   204,   204,   205,   207,   214,   223,   232,   240,   250,   261,   275,   291,   302,   308,   315,   321,   329,   337,   344,   351,   356,   358,   358,   359,   362,   367,   370,   371,   373,   376,   377,   375,   375,   377,   385,   399,   412,   423,   428,   429,   430,   434,   439,   446,   451,   452,   454,   454,   452,   449,   449,   452,   452,   449,   450,   452,   453,   453,   451,   447,   440,   430,   420,   410,   395,   374,   362,   360,   349,   328,   299,   262,   234,   214,   202,   197,   182,   157,   133,   110,    89,    71,    57,    45,    34,    22,    20,    25,    28,    30,    27,    19,    20,    32,    35,    27,    17,     6,     0,    -5,    -9,   -12,   -10,    -3,     6,    17,    29,    41,    56,    71,    77,    72,    66,    60,    58,    60,    60,    59,    54,    44,    39,    41,    45,    50,    58,    66,    72,    76,    82,    92,   100,   103,   104,   106,    99,    86,    75,    68,    62,    59,    57,    58,    59,    60,    60,    60,    59,    57,    57,    58,    58,    57,    56,    55,    57,    64,    69,    71,    74,    78,    85,    93,    97,    96,    97,    98,    99,   102,   109,   119,   121,   113,   110,   109,   112,   119,   125,   131,   138,   145,   146,   143,   142,   145,   148,   151,   153,   154,   150,   143,   135,   127,   119,   112,   109,   109,   109,   107,   104,   101,   100,   101,   103,   105,   105,   103,    95,    82,    79,    85,    86,    80,    76,    73,    74,    79,    81,    80,    79,    80,    83,    88,    88,    86,    82,    78,    73,    64,    59,    58,    55,    51,    51,    54,    59,    68,    78,    86,    87,    80,    75,    73,    76,    83,    90,    95,    99,   104,   110,   116,   120,   125,   134,   146,   157,   166,   174,   179,   184,   190,   194,   197,   201,   206,   210,   212,   214,   218,   220,   221,   224,   228,   228,   226,   230,   238,   243,   244,   241,   234,   227,   223,   225,   230,   229,   221,   215,   211,   209,   205,   205,   209,   218,   232,   241,   244,   249,   259,   268,   276,   287,   300,   304,   297,   291,   285,   287,   295,   303,   312,   317,   317,   315,   316,   326,
   280,   284,   277,   271,   268,   262,   253,   246,   244,   239,   231,   223,   214,   204,   193,   184,   178,   176,   178,   173,   159,   153,   157,   154,   144,   139,   139,   138,   136,   136,   138,   134,   123,   117,   116,   115,   116,   119,   122,   128,   139,   142,   141,   146,   157,   162,   164,   167,   173,   180,   186,   192,   198,   208,   222,   236,   249,   257,   264,   273,   283,   293,   303,   310,   315,   320,   323,   325,   326,   329,   333,   334,   333,   335,   338,   339,   337,   337,   339,   347,   360,   372,   381,   385,   385,   385,   386,   390,   395,   398,   399,   400,   401,   400,   398,   398,   399,   399,   397,   397,   401,   401,   398,   394,   387,   379,   371,   360,   347,   329,   308,   299,   301,   294,   279,   258,   228,   200,   177,   164,   148,   117,    98,    75,    57,    41,    28,    17,    10,     2,   -10,   -14,   -12,    -7,    -2,    -5,   -16,   -18,    -9,    -8,   -19,   -30,   -40,   -44,   -45,   -47,   -49,   -46,   -35,   -24,   -14,    -5,     2,    16,    34,    41,    34,    27,    21,    21,    27,    30,    32,    30,    20,    16,    17,    21,    27,    35,    44,    51,    59,    69,    80,    89,    91,    92,    94,    86,    72,    62,    55,    51,    50,    51,    53,    53,    52,    51,    51,    51,    49,    49,    50,    51,    53,    53,    51,    50,    53,    56,    58,    61,    65,    72,    80,    84,    83,    83,    84,    84,    87,    93,   102,   103,    94,    90,    89,    92,    99,   104,   108,   114,   121,   121,   114,   110,   110,   112,   114,   118,   121,   118,   109,   100,    92,    84,    77,    73,    74,    74,    72,    70,    69,    71,    73,    75,    75,    73,    69,    63,    57,    57,    63,    64,    59,    55,    54,    57,    62,    65,    66,    64,    59,    57,    55,    53,    50,    48,    45,    40,    31,    24,    18,    13,    10,    11,    14,    19,    29,    39,    47,    49,    45,    42,    41,    45,    53,    59,    63,    66,    69,    73,    75,    78,    85,    95,   107,   118,   130,   140,   148,   152,   152,   154,   159,   163,   166,   167,   166,   165,   166,   168,   171,   174,   177,   176,   174,   179,   189,   195,   195,   193,   188,   184,   182,   184,   188,   184,   175,   167,   161,   158,   155,   155,   157,   163,   172,   176,   175,   178,   185,   191,   195,   205,   219,   224,   218,   212,   204,   204,   209,   219,   233,   244,   251,   254,   254,   264,
   216,   220,   217,   213,   206,   200,   193,   188,   185,   182,   177,   170,   160,   150,   142,   136,   133,   134,   139,   135,   120,   112,   112,   109,   103,   101,   103,   103,   101,    98,    94,    90,    83,    80,    80,    80,    80,    83,    86,    90,    95,    99,   103,   110,   118,   123,   125,   132,   143,   152,   158,   164,   169,   177,   186,   195,   205,   213,   219,   229,   241,   252,   261,   268,   274,   280,   284,   287,   290,   293,   298,   300,   300,   301,   304,   305,   305,   305,   307,   316,   330,   340,   347,   349,   348,   346,   346,   348,   351,   351,   348,   348,   350,   349,   348,   348,   348,   348,   347,   349,   354,   353,   345,   339,   335,   329,   323,   312,   297,   281,   263,   251,   245,   233,   216,   206,   197,   177,   160,   145,   121,     1,  -180,    10,   -19,    -3,    -1,    -5,   -12,   -24,   -37,   -43,   -44,   -41,   -33,   -26,   -31,   -42,   -45,   -51,   -63,   -69,   -68,   -67,   -65,   -62,   -58,   -53,   -43,   -33,   -27,   -25,   -27,   -20,    -6,     0,    -3,    -7,   -10,    -9,    -4,     1,     5,     7,     4,     3,     1,     4,    11,    17,    23,    31,    40,    51,    64,    71,    70,    67,    66,    58,    45,    39,    38,    36,    36,    39,    45,    43,    34,    32,    36,    39,    39,    40,    41,    43,    46,    47,    48,    45,    40,    40,    47,    51,    53,    58,    64,    67,    67,    68,    69,    69,    71,    72,    75,    74,    69,    66,    63,    66,    72,    76,    80,    85,    91,    88,    77,    68,    63,    62,    63,    67,    71,    69,    60,    52,    47,    41,    33,    30,    33,    34,    32,    31,    30,    32,    38,    39,    35,    28,    20,    17,    21,    26,    31,    31,    25,    22,    23,    23,    23,    25,    29,    29,    22,    17,    15,    11,     7,     6,    10,    10,     4,    -9,   -24,   -31,   -34,   -36,   -40,   -46,   -40,   -23,    -9,     0,     5,     7,     8,    12,    18,    23,    25,    26,    26,    25,    23,    27,    36,    45,    56,    70,    87,   101,   111,   113,   107,   107,   115,   121,   125,   123,   116,   109,   105,   107,   114,   115,   110,   108,   114,   122,   132,   137,   136,   133,   125,   112,   110,   121,   123,   110,    96,    87,    83,    82,    83,    83,    83,    84,    86,    86,    92,   104,   113,   113,   113,   123,   139,   146,   143,   139,   135,   134,   136,   142,   154,   170,   190,   200,   198,   205,
   152,   156,   155,   152,   146,   141,   136,   133,   133,   129,   122,   115,   108,   101,    94,    90,    90,    94,   100,    97,    82,    72,    67,    66,    67,    69,    71,    71,    67,    63,    58,    54,    51,    49,    48,    48,    50,    52,    55,    58,    61,    64,    70,    79,    88,    93,    95,   101,   112,   120,   125,   131,   139,   144,   147,   153,   160,   167,   174,   183,   195,   204,   211,   218,   226,   233,   237,   241,   247,   252,   256,   258,   258,   260,   263,   267,   269,   271,   272,   281,   294,   303,   309,   310,   307,   304,   303,   304,   305,   303,   298,   297,   299,   298,   297,   296,   296,   296,   294,   295,   298,   297,   290,   284,   279,   275,   272,   262,   245,   231,   219,   208,   195,   178,   158,   153,   182,   171,-32768,-32768,-32768,  -174,  -180,  -180,  -149,   -73,   -59,   -55,   -59,   -74,   -83,   -83,   -87,   -90,   -82,   -64,   -55,   -59,   -60,   -64,   -75,   -79,   -78,   -75,   -71,   -65,   -61,   -56,   -49,   -41,   -38,   -36,   -37,   -35,   -30,   -27,   -27,   -28,   -30,   -28,   -21,   -17,   -15,   -12,    -9,   -10,   -13,    -9,    -2,     4,     8,    14,    21,    29,    39,    46,    46,    43,    38,    29,    20,    17,    16,    17,    21,    26,    32,    29,    18,    15,    20,    24,    29,    31,    33,    34,    35,    36,    36,    33,    26,    27,    33,    37,    40,    45,    50,    53,    54,    54,    55,    54,    54,    52,    50,    49,    46,    43,    40,    39,    41,    42,    45,    47,    48,    43,    33,    25,    19,    15,    13,    11,    11,     7,    -6,   -14,   -12,    -9,   -10,    -9,    -4,    -3,    -5,    -6,    -9,   -10,    -5,    -2,    -5,   -11,   -21,   -24,   -19,   -14,   -10,    -9,   -14,   -19,   -23,   -32,   -38,   -37,   -31,   -27,   -28,   -28,   -26,   -30,   -37,   -39,   -36,   -32,   -35,   -48,   -61,   -63,   -56,   -63,  -107,  -123,  -121,   -97,   -77,   -27,   -58,   -32,   -29,   -43,   -31,   -24,   -19,   -17,   -17,   -21,   -29,   -32,   -33,   -28,    -7,    16,    33,    44,    51,    52,    42,    36,    38,    40,    45,    46,    41,    40,    39,    36,    35,    29,    25,    35,    48,    56,    62,    61,    57,    53,    41,    17,    13,    29,    25,    -2,   -26,   -41,   -42,   -37,   -31,   -28,   -25,   -24,   -24,   -24,   -10,    17,    33,    38,    42,    54,    73,    80,    78,    74,    71,    69,    70,    75,    84,   101,   124,   137,   138,   144,
    88,    91,    89,    88,    88,    86,    82,    81,    85,    80,    66,    59,    60,    56,    47,    45,    48,    52,    57,    54,    42,    30,    21,    23,    35,    41,    42,    40,    34,    29,    26,    25,    25,    22,    19,    19,    23,    26,    27,    29,    33,    36,    40,    50,    62,    69,    69,    72,    76,    81,    86,    93,   103,   107,   107,   110,   115,   122,   129,   137,   146,   152,   157,   164,   173,   181,   185,   191,   199,   206,   210,   211,   208,   210,   217,   223,   228,   230,   232,   239,   248,   255,   262,   264,   258,   253,   253,   252,   251,   249,   242,   242,   246,   246,   242,   241,   244,   244,   240,   237,   234,   233,   232,   227,   219,   215,   215,   205,   184,   172,   169,   161,   146,   130,   132,   127,-32768,-32768,-32768,-32768,  -180,  -180,  -180,  -180,  -180,  -180,  -156,  -136,  -127,  -124,  -111,   -83,  -116,  -144,  -166,  -134,  -120,   -70,   -45,   -42,   -65,   -73,   -78,   -79,   -74,   -69,   -66,   -62,   -58,   -55,   -51,   -45,   -36,   -39,   -44,   -45,   -42,   -41,   -44,   -44,   -39,   -38,   -41,   -40,   -35,   -34,   -36,   -28,   -17,    -7,     0,     3,     3,     6,    12,    20,    27,    25,    14,     4,     2,    -1,    -6,    -3,     8,    14,    15,    13,     7,     5,     6,    11,    20,    25,    28,    27,    25,    22,    19,    17,    16,    17,    20,    23,    27,    34,    41,    44,    43,    42,    41,    39,    36,    33,    30,    28,    26,    24,    20,    15,     9,     5,     7,    10,     7,    -3,   -16,   -26,   -34,   -38,   -18,   -14,   -19,   -26,   -41,   -49,   -45,   -74,   -68,   -62,   -55,   -51,   -51,   -53,   -57,   -59,   -53,   -48,   -46,   -47,   -53,   -63,   -69,   -69,   -64,   -59,   -62,   -70,   -80,   -91,  -125,  -115,  -104,  -111,   -81,   -70,   -42,   -48,   -74,   -71,   -91,   -83,   -84,  -108,   -91,   -68,-32768,-32768,  -158,  -158,  -175,  -148,  -153,-32768,  -161,  -180,  -180,  -133,   -78,   -65,   -59,   -47,   -47,   -28,   -74,  -106,  -114,  -174,   -58,   -31,   -22,   -23,   -40,   -23,   -24,   -68,   -75,  -102,   -93,   -68,   -90,   -29,   -25,   -24,   -91,   -92,   -22,    -2,   -10,    -4,    -5,   -15,   -23,   -26,   -32,   -45,   -52,   -51,   -60,   -86,  -156,  -180,  -180,  -180,  -153,  -139,  -115,  -115,  -109,  -106,   -94,   -74,   -55,   -37,   -19,    -1,    20,    29,    25,    19,    13,    11,    12,    14,    20,    35,    53,    65,    72,    80,
    22,    28,    29,    30,    31,    31,    33,    34,    36,    31,    19,    16,    21,    18,     8,     4,     7,    11,    17,    18,    12,     2,    -8,    -6,    10,    17,    17,    14,     8,     4,     2,     0,     0,    -3,    -7,    -7,    -3,     0,     0,     2,     5,     8,    13,    22,    33,    38,    39,    40,    41,    43,    45,    51,    60,    66,    68,    70,    72,    77,    85,    93,   101,   105,   106,   111,   122,   129,   132,   139,   150,   158,   161,   160,   156,   157,   164,   171,   178,   182,   185,   192,   201,   209,   215,   213,   202,   195,   196,   195,   194,   190,   183,   182,   187,   185,   178,   177,   182,   182,   177,   173,   171,   170,   169,   162,   151,   146,   148,   139,   118,   113,   121,   120,   122,   108,-32768,-32768,-32768,-32768,-32768,  -135,  -148,  -180,  -180,  -180,  -180,  -180,  -180,  -180,  -180,  -180,  -180,  -180,  -180,  -180,  -180,  -180,  -167,  -131,   -98,   -66,   -72,   -73,   -76,   -75,   -71,   -68,   -67,   -66,   -65,   -64,   -64,   -55,   -49,   -61,   -66,   -65,   -75,   -73,   -75,   -80,   -83,   -85,   -87,   -87,   -81,   -78,   -74,   -62,   -47,   -30,   -19,   -16,   -14,    -7,    -2,     6,    16,    14,    -1,   -11,   -12,   -12,   -15,   -12,    -3,     1,    -1,    -4,    -7,    -9,    -9,    -5,     4,    11,    16,    17,    12,     8,     7,     5,     5,     6,     8,     9,    11,    17,    24,    25,    21,    18,    18,    17,    15,    12,     8,     7,     6,     4,     0,    -5,   -15,   -28,   -33,   -35,   -13,   -36,   -42,   -59,   -68,   -73,  -180,-32768,-32768,-32768,-32768,-32768,-32768,  -112,  -106,  -100,   -90,  -115,  -111,  -111,  -116,  -110,   -96,   -88,   -83,   -79,   -84,   -99,  -111,  -112,  -110,  -106,  -102,  -104,  -112,  -116,  -105,   -77,-32768,-32768,-32768,-32768,-32768,-32768,-32768,  -180,  -180,  -107,   -94,   -81,-32768,-32768,-32768,-32768,-32768,-32768,-32768,-32768,-32768,-32768,-32768,-32768,-32768,  -121,   -95,   -80,-32768,-32768,-32768,-32768,-32768,-32768,  -137,  -152,  -174,  -103,   -32,-32768,-32768,-32768,-32768,-32768,-32768,  -130,  -168,  -180,-32768,-32768,-32768,-32768,-32768,-32768,-32768,-32768,   -35,   -29,   -31,   -46,   -57,   -59,   -59,   -60,   -78,   -84,   -89,  -110,  -152,  -180, -1000, -1000, -1000,  -180,  -180,  -180,  -173,  -163,  -153,  -143,  -124,   -99,   -77,   -59,   -37,   -25,   -26,   -35,   -45,   -48,   -45,   -45,   -43,   -32,   -18,    -7,     3,    13,
   -36,   -26,   -18,   -15,   -17,   -16,    -8,    -4,   -11,   -18,   -21,   -21,   -18,   -19,   -24,   -27,   -29,   -26,   -17,   -10,    -7,   -11,   -19,   -17,    -8,    -3,    -2,    -4,    -8,   -11,   -15,   -18,   -21,   -24,   -28,   -28,   -25,   -23,   -23,   -22,   -21,   -17,    -8,    -1,     4,     7,    10,    11,    10,     8,     6,     9,    16,    25,    35,    38,    34,    36,    44,    53,    62,    65,    62,    64,    74,    81,    83,    91,   104,   111,   113,   112,   105,   104,   107,   114,   124,   130,   134,   145,   158,   165,   166,   158,   141,   132,   133,   135,   136,   132,   122,   119,   121,   116,   104,   101,   108,   109,   104,   104,   110,   110,   102,    90,    75,    68,    71,    67,    53,    57,    79,    92,-32768,-32768,-32768,-32768,-32768,-32768,-32768,-32768,  -180,  -180,  -180,  -167,  -161,  -168,  -180,  -180,  -180,  -180,  -180,  -180,  -180,  -180,  -180,  -180,  -180,  -180,  -176,  -152,  -110,   -82,   -63,   -53,   -60,   -62,   -64,   -67,   -69,   -69,   -73,   -70,   -92,  -114,  -113,  -130,  -134,  -119,  -118,  -125,  -132,  -133,  -132,  -128,  -121,  -114,  -104,   -94,   -82,   -65,   -51,   -43,   -32,   -16,    -8,    -1,     9,     5,   -12,   -24,   -27,   -23,   -16,   -13,   -12,   -14,   -18,   -22,   -26,   -27,   -26,   -23,   -19,   -12,    -2,     0,    -6,    -7,    -4,    -5,   -10,   -10,    -6,    -7,   -11,   -10,    -5,    -7,    -2,    -2,    -5,   -10,   -21,   -33,   -38,   -39,   -41,    -6,    -6,    -6,   -19,   -42,   -55,   -65,  -180,  -180,-32768,-32768,-32768,-32768,-32768,-32768,-32768,-32768,-32768,-32768,-32768,-32768,-32768,-32768,-32768,  -171,  -159,  -129,  -151,  -146,   -99,   -93,   -84,   -63,   -85,  -103,  -105,  -100,  -110,  -108,   -97,   -89,   -93,   -93,   -88,   -54,-32768,-32768,-32768,-32768,-32768,-32768,-32768,-32768,-32768,-32768,-32768,-32768,-32768,-32768,-32768,-32768,-32768,-32768,-32768,-32768,-32768,-32768,-32768,-32768,-32768,-32768,-32768,-32768,-32768,-32768,-32768,-32768,-32768,-32768,-32768,-32768,-32768,-32768,-32768,-32768,-32768,-32768,-32768,-32768,-32768,-32768,-32768,-32768,-32768,-32768,-32768,-32768,-32768,-32768,-32768,-32768,-32768,-32768,-32768,-32768,-32768,-32768,-32768,-32768,  -117,  -112,  -104,  -129,  -160,  -180,  -180,  -180,  -180,  -180,  -180,  -180,  -180,  -180,  -180,  -180,  -177,  -155,  -133,  -129,  -114,   -84,   -79,   -98,  -108,  -109,  -102,   -97,   -95,   -89,   -80,   -69,   -58,   -48,
   -78,   -69,   -60,   -55,   -57,   -59,   -52,   -44,   -50,   -58,   -60,   -60,   -60,   -57,   -50,   -44,   -45,   -43,   -35,   -28,   -22,   -22,   -27,   -27,   -22,   -19,   -17,   -17,   -20,   -22,   -25,   -27,   -31,   -34,   -36,   -35,   -33,   -32,   -31,   -31,   -31,   -28,   -21,   -17,   -16,   -16,   -14,   -15,   -18,   -21,   -25,   -24,   -19,   -10,     1,     3,    -2,    -1,     6,    13,    19,    20,    15,    17,    24,    29,    30,    38,    54,    62,    62,    61,    58,    54,    48,    54,    71,    80,    85,    96,   111,   117,   112,   101,    83,    71,    66,    64,    62,    55,    45,    42,    43,    38,    28,    27,    35,    38,    38,    40,    44,    40,    29,    15,     8,    17,    29,    32,    23,    31,    39,    80,    77,-32768,-32768,-32768,-32768,-32768,-32768,-32768,-32768,  -180,  -174,  -180,  -180,  -180,  -180,  -180,  -180,  -180,  -180,  -180, -1000,  -180,  -180,  -180,  -180,  -180,  -180,  -180,  -180,  -168,  -157,  -121,   -85,   -70,   -65,   -66,   -65,   -63,   -69,  -106,  -126,  -119,  -140,  -146,  -157,  -163,  -156,  -157,  -164,  -165,  -157,  -149,  -137,  -123,  -108,   -98,   -89,   -76,   -61,   -51,   -41,   -26,   -14,    -9,    -5,   -11,   -26,   -33,   -40,   -35,   -26,   -24,   -26,   -29,   -33,   -36,   -42,   -46,   -41,   -36,   -36,   -30,   -11,   -24,   -28,   -25,   -20,   -20,   -24,   -24,   -20,   -21,   -27,   -27,   -24,   -28,   -18,    -8,   -13,   -22,   -45,   -66,   -73,   -73,   -78,  -180,  -180,  -180,  -180,-32768,-32768,-32768,-32768,-32768,-32768,-32768,-32768,-32768,-32768,-32768,-32768,-32768,-32768,-32768,-32768,-32768,-32768,-32768,-32768,-32768,-32768,-32768,-32768,-32768,-32768,-32768,-32768,-32768,  -119,   -66,   -59,   -74,   -94,   -93,   -80,   -69,-32768,-32768,-32768,-32768,-32768,-32768,-32768,-32768,-32768,-32768,-32768,-32768,-32768,-32768,-32768,-32768,-32768,-32768,-32768,-32768,-32768,-32768,-32768,-32768,-32768,-32768,-32768,-32768,-32768,-32768,-32768,-32768,-32768,-32768,-32768,-32768,-32768,-32768,-32768,-32768,-32768,-32768,-32768,-32768,-32768,-32768,-32768,-32768,-32768,-32768,-32768,-32768,-32768,-32768,-32768,-32768,-32768,-32768,-32768,-32768,-32768,-32768,-32768,-32768,-32768,-32768,-32768,-32768,-32768,-32768,-32768,-32768,-32768,-32768,-32768,-32768,  -153,  -180,  -180,  -165,  -154,  -172,  -180,  -180,  -180,  -180,  -180,  -180,  -180,  -180,  -180,  -145,  -148,  -146,  -140,  -134,  -130,  -127,  -122,  -113,  -102,   -89,
  -114,  -109,   -94,   -90,   -94,  -102,   -98,   -87,   -93,   -81,   -83,   -80,   -82,   -78,   -79,   -72,   -67,   -61,   -56,   -51,   -47,   -44,   -42,   -41,   -41,   -39,   -36,   -34,   -34,   -36,   -36,   -39,   -41,   -43,   -44,   -42,   -39,   -37,   -35,   -34,   -33,   -33,   -32,   -32,   -31,   -31,   -33,   -35,   -35,   -34,   -35,   -34,   -31,   -25,   -21,   -19,   -17,   -14,   -11,    -9,   -10,   -10,   -10,    -7,    -4,    -2,     0,     3,     3,    10,     8,     6,    11,     9,    12,    17,    20,    31,    35,    46,    64,    66,    53,    39,    25,     8,   -10,   -23,   -19,   -23,   -22,   -19,   -17,   -17,   -17,   -17,   -16,   -17,   -20,   -20,     0,    14,    22,    32,    35,    41,    47,-32768,-32768,-32768,     9,-32768,-32768,-32768,-32768,-32768,-32768,-32768,-32768,-32768,  -180,  -180,  -180,  -180,  -180,  -180,  -180,  -180, -1000,  -180,  -180, -1000, -1000,  -180,  -180,  -180,  -180,  -180,  -180,  -180,  -180,  -160,  -147,  -132,  -136,  -136,  -138,  -137,  -121,  -119,  -139,  -141,  -150,  -164,  -173,  -180,  -180,  -180,  -180,  -180,  -180,  -180,  -171,  -160,  -133,  -114,   -98,   -85,   -72,   -60,   -51,   -46,   -45,   -33,   -16,   -12,   -15,   -21,   -40,-32768,   -39,   -38,   -37,   -35,   -35,   -34,   -33,   -32,   -31,   -49,   -30,   -30,   -34,   -29,-32768,   -64,   -45,   -34,   -28,   -27,   -24,   -20,   -17,   -17,   -16,   -15,   -14,   -15,   -14,   -38,-32768,-32768,-32768,-32768,-32768,-32768,-32768,  -126,  -126,-32768,-32768,-32768,-32768,-32768,-32768,-32768,-32768,-32768,-32768,-32768,-32768,-32768,-32768,-32768,-32768,-32768,-32768,-32768,-32768,-32768,-32768,-32768,-32768,-32768,-32768,-32768,-32768,-32768,-32768,-32768,-32768,-32768,-32768,-32768,  -115,-32768,-32768,-32768,-32768,-32768,-32768,-32768,-32768,-32768,-32768,-32768,-32768,-32768,-32768,-32768,-32768,-32768,-32768,-32768,-32768,-32768,-32768,-32768,-32768,-32768,-32768,-32768,-32768,-32768,-32768,-32768,-32768,-32768,-32768,-32768,-32768,-32768,-32768,-32768,-32768,-32768,-32768,-32768,-32768,-32768,-32768,-32768,-32768,-32768,-32768,-32768,-32768,-32768,-32768,-32768,-32768,-32768,-32768,-32768,-32768,-32768,-32768,-32768,-32768,-32768,-32768,-32768,-32768,-32768,-32768,-32768,-32768,-32768,-32768,-32768,-32768,-32768,-32768,-32768,-32768,-32768,-32768,-32768,-32768,  -133,  -158,  -177,  -180,  -180,  -180,  -180,  -150,  -147,  -139,  -134,  -136,  -143,  -148,  -153,  -151,  -160,  -155,  -156,  -142,  -122,
  -162,  -155,  -150,  -127,  -115,  -109,  -106,  -108,   -91,   -90,   -89,   -88,   -87,   -83,   -83,   -83,   -82,   -79,   -72,   -67,   -65,   -62,   -59,   -58,   -57,   -56,   -54,   -51,   -49,   -49,   -49,   -50,   -49,   -51,   -50,   -48,   -48,   -47,   -47,   -45,   -43,   -42,   -42,   -42,   -41,   -43,   -46,   -51,   -56,   -52,   -52,   -54,   -53,   -53,   -43,   -38,   -35,   -33,   -34,   -41,   -50,   -49,   -51,   -49,   -46,   -45,   -42,   -38,   -28,   -23,   -26,   -29,   -23,   -22,   -25,   -23,   -23,   -18,   -12,     1,     7,    -2,    -6,    -9,   -19,   -34,   -62,   -95,   -86,   -80,   -78,   -76,   -72,   -68,   -62,   -56,   -56,   -66,   -83,   -83,   -38,    -7,    14,    33,    36,-32768,-32768,-32768,-32768,-32768,-32768,-32768,-32768,-32768,-32768,-32768,-32768,-32768,-32768,  -105,  -180, -1000, -1000, -1000, -1000, -1000, -1000, -1000, -1000, -1000, -1000, -1000, -1000, -1000, -1000, -1000, -1000, -1000,  -180,  -180,  -180,  -180,  -180,  -180,  -180,  -172,  -170,  -177,  -173,  -168,  -162,  -167,  -177,  -180,  -180,  -180,  -180,  -180,  -180,  -180,  -180,  -172,  -156,  -128,  -113,   -99,   -90,   -80,   -62,   -51,   -46,   -45,   -45,-32768,-32768,-32768,-32768,-32768,-32768,-32768,-32768,-32768,-32768,-32768,-32768,-32768,-32768,-32768,-32768,-32768,-32768,-32768,-32768,-32768,-32768,-32768,-32768,-32768,-32768,-32768,-32768,-32768,-32768,-32768,-32768,-32768,-32768,-32768,-32768,-32768,-32768,-32768,-32768,-32768,-32768,-32768,-32768,-32768,-32768,-32768,-32768,-32768,-32768,-32768,-32768,-32768,-32768,-32768,-32768,-32768,-32768,-32768,-32768,-32768,-32768,-32768,-32768,-32768,-32768,-32768,-32768,-32768,-32768,-32768,-32768,-32768,-32768,-32768,-32768,-32768,-32768,-32768,-32768,-32768,-32768,-32768,-32768,-32768,-32768,-32768,-32768,-32768,-32768,-32768,-32768,-32768,-32768,-32768,-32768,-32768,-32768,-32768,-32768,-32768,-32768,-32768,-32768,-32768,-32768,-32768,-32768,-32768,-32768,-32768,-32768,-32768,-32768,-32768,-32768,-32768,-32768,-32768,-32768,-32768,-32768,-32768,-32768,-32768,-32768,-32768,-32768,-32768,-32768,-32768,-32768,-32768,-32768,-32768,-32768,-32768,-32768,-32768,-32768,-32768,-32768,-32768,-32768,-32768,-32768,-32768,-32768,-32768,-32768,-32768,-32768,-32768,-32768,-32768,-32768,-32768,-32768,-32768,-32768,-32768,-32768,-32768,-32768,-32768,-32768,-32768,-32768,-32768,-32768,  -145,  -159,  -169,  -180,  -169,  -142,  -132,  -108,   -85,  -100,  -140,  -151,  -160,  -169,  -171,  -170,  -173,
  -165,  -158,  -153,  -156,  -149,  -140,  -159,  -163,  -164,  -150,  -138,  -112,  -103,  -102,   -95,   -94,   -95,   -91,   -83,   -82,   -80,   -76,   -72,   -69,   -68,   -68,   -68,   -66,   -65,   -62,   -61,   -61,   -61,   -60,   -58,   -58,   -61,   -63,   -62,   -61,   -59,   -58,   -61,   -62,   -61,   -60,   -60,   -61,   -68,   -68,   -84,   -80,   -79,   -71,   -63,   -56,   -56,   -56,   -56,   -61,   -65,   -71,   -69,   -76,   -64,   -54,   -47,   -40,   -36,   -33,   -30,   -29,   -27,   -29,   -63,   -59,   -64,   -70,   -48,   -27,   -24,   -31,   -20,   -19,   -20,   -22,   -18,   -52,   -72,   -92,   -95,   -86,   -81,   -79,   -78,   -75,   -75,   -73,   -65,   -54,   -34,   -19,    -4,    17,    36,-32768,-32768,-32768,-32768,-32768,-32768,-32768,-32768,-32768,-32768,-32768,-32768,-32768,-32768,-32768,  -174, -1000, -1000, -1000, -1000, -1000, -1000, -1000, -1000, -1000, -1000, -1000, -1000, -1000, -1000, -1000, -1000, -1000, -1000, -1000, -1000,  -180,  -180,  -180,  -180,  -180,  -180,  -180,  -180,  -180,  -180,  -180,  -180,  -180,  -180,  -180,  -180,  -180,  -180,  -180,  -173,  -143,  -122,  -110,   -87,   -83,  -105,  -100,-32768,-32768,-32768,-32768,-32768,-32768,-32768,-32768,-32768,-32768,-32768,-32768,-32768,-32768,-32768,-32768,-32768,-32768,-32768,-32768,-32768,-32768,-32768,-32768,-32768,-32768,-32768,-32768,-32768,-32768,-32768,-32768,-32768,-32768,-32768,-32768,-32768,-32768,-32768,-32768,-32768,-32768,-32768,-32768,-32768,-32768,-32768,-32768,-32768,-32768,-32768,-32768,-32768,-32768,-32768,-32768,-32768,-32768,-32768,-32768,-32768,-32768,-32768,-32768,-32768,-32768,-32768,-32768,-32768,-32768,-32768,-32768,-32768,-32768,-32768,-32768,-32768,-32768,-32768,-32768,-32768,-32768,-32768,-32768,-32768,-32768,-32768,-32768,-32768,-32768,-32768,-32768,-32768,-32768,-32768,-32768,-32768,-32768,-32768,-32768,-32768,-32768,-32768,-32768,-32768,-32768,-32768,-32768,-32768,-32768,-32768,-32768,-32768,-32768,-32768,-32768,-32768,-32768,-32768,-32768,-32768,-32768,-32768,-32768,-32768,-32768,-32768,-32768,-32768,-32768,-32768,-32768,-32768,-32768,-32768,-32768,-32768,-32768,-32768,-32768,-32768,-32768,-32768,-32768,-32768,-32768,-32768,-32768,-32768,-32768,-32768,-32768,-32768,-32768,-32768,-32768,-32768,-32768,-32768,-32768,-32768,-32768,-32768,-32768,-32768,-32768,-32768,-32768,-32768,-32768,-32768,-32768,-32768,-32768,-32768,-32768,-32768,-32768,-32768,-32768,-32768,-32768,  -138,  -110,   -94,  -101,  -129,  -147,  -152,  -171,  -173,  -170,
  -180,  -170,  -167,  -167,  -171,  -171,  -175,  -180,  -180,  -180,  -177,  -165,  -149,  -136,  -138,  -132,  -127,  -115,  -101,   -95,   -88,   -86,   -85,   -86,   -89,   -88,   -85,   -85,   -83,   -78,   -79,   -77,   -78,   -85,   -77,   -90,   -97,  -104,   -99,  -103,   -92,   -93,  -101,  -114,  -109,  -119,  -128,  -123,  -118,  -110,  -104,   -83,   -73,   -78,   -76,   -70,   -60,   -61,   -60,   -80,   -82,   -69,   -55,   -48,   -46,   -45,   -42,   -38,   -36,   -33,   -31,   -31,   -29,   -30,   -81,   -77,   -40,-32768,-32768,-32768,-32768,-32768,-32768,-32768,-32768,   -94,   -88,   -63,   -28,-32768,-32768,   -12,    -9,    -8,    -6,   -39,   -53,   -59,   -45,   -26,    14,    24,    31,    33,    26,    31,    26,-32768,-32768,-32768,-32768,-32768,-32768,-32768,-32768,-32768,-32768,-32768,-32768,-32768,  -118,  -180, -1000, -1000, -1000, -1000, -1000, -1000, -1000, -1000, -1000, -1000, -1000, -1000, -1000, -1000, -1000, -1000, -1000, -1000, -1000, -1000, -1000, -1000, -1000, -1000,  -180,  -180,  -180,  -180,  -180,  -180,  -180,  -180,  -180,  -180,  -173,  -160,  -147,  -134,  -121,  -124,  -113,-32768,-32768,-32768,-32768,-32768,-32768,-32768,-32768,-32768,-32768,-32768,-32768,-32768,-32768,-32768,-32768,-32768,-32768,-32768,-32768,-32768,-32768,-32768,-32768,-32768,-32768,-32768,-32768,-32768,-32768,-32768,-32768,-32768,-32768,-32768,-32768,-32768,-32768,-32768,-32768,-32768,-32768,-32768,-32768,-32768,-32768,-32768,-32768,-32768,-32768,-32768,-32768,-32768,-32768,-32768,-32768,-32768,-32768,-32768,-32768,-32768,-32768,-32768,-32768,-32768,-32768,-32768,-32768,-32768,-32768,-32768,-32768,-32768,-32768,-32768,-32768,-32768,-32768,-32768,-32768,-32768,-32768,-32768,-32768,-32768,-32768,-32768,-32768,-32768,-32768,-32768,-32768,-32768,-32768,-32768,-32768,-32768,-32768,-32768,-32768,-32768,-32768,-32768,-32768,-32768,-32768,-32768,-32768,-32768,-32768,-32768,-32768,-32768,-32768,-32768,-32768,-32768,-32768,-32768,-32768,-32768,-32768,-32768,-32768,-32768,-32768,-32768,-32768,-32768,-32768,-32768,-32768,-32768,-32768,-32768,-32768,-32768,-32768,-32768,-32768,-32768,-32768,-32768,-32768,-32768,-32768,-32768,-32768,-32768,-32768,-32768,-32768,-32768,-32768,-32768,-32768,-32768,-32768,-32768,-32768,-32768,-32768,-32768,-32768,-32768,-32768,-32768,-32768,-32768,-32768,-32768,-32768,-32768,-32768,-32768,-32768,-32768,-32768,-32768,-32768,-32768,-32768,-32768,-32768,-32768,-32768,-32768,  -155,  -143,  -130,  -112,  -120,  -130,  -150,  -177,  -180,  -180,
  -180,  -180,  -177,  -180,  -180,  -180,  -180,  -180,  -180,  -180,  -180,  -180,  -180,  -174,  -175,  -174,  -165,  -162,  -150,  -139,  -146,  -142,  -136,  -145,  -131,  -133,  -140,  -136,  -129,  -144,  -142,  -155,  -139,  -158,  -156,  -161,  -157,  -147,  -146,  -135,  -127,  -132,  -132,  -132,  -124,  -117,  -112,  -110,  -105,  -102,   -80,   -72,   -72,   -71,-32768,-32768,-32768,   -63,   -62,   -62,   -65,   -57,   -61,   -59,   -58,   -61,   -48,   -41,   -37,   -38,   -41,   -40,   -40,   -37,   -40,   -25,   -23,  -119,-32768,-32768,-32768,-32768,-32768,-32768,-32768,-32768,-32768,-32768,-32768,-32768,-32768,-32768,-32768,-32768,-32768,-32768,-32768,-32768,-32768,-32768,-32768,-32768,-32768,-32768,-32768,-32768,-32768,-32768,-32768,-32768,-32768,-32768,-32768,-32768,-32768,-32768,-32768,-32768,-32768,-32768,  -148,  -180,  -180,  -180,  -180,  -180,  -180,  -180,  -180,  -180,  -180, -1000, -1000, -1000, -1000, -1000, -1000, -1000,  -180,  -180,  -180,  -180,  -180,  -180,  -180,  -180,  -180,  -180,  -180,  -180,  -177,  -173,  -164,  -164,  -146,  -138,  -142,  -131,  -122,  -110,-32768,-32768,-32768,-32768,-32768,-32768,-32768,-32768,-32768,-32768,-32768,-32768,-32768,-32768,-32768,-32768,-32768,-32768,-32768,-32768,-32768,-32768,-32768,-32768,-32768,-32768,-32768,-32768,-32768,-32768,-32768,-32768,-32768,-32768,-32768,-32768,-32768,-32768,-32768,-32768,-32768,-32768,-32768,-32768,-32768,-32768,-32768,-32768,-32768,-32768,-32768,-32768,-32768,-32768,-32768,-32768,-32768,-32768,-32768,-32768,-32768,-32768,-32768,-32768,-32768,-32768,-32768,-32768,-32768,-32768,-32768,-32768,-32768,-32768,-32768,-32768,-32768,-32768,-32768,-32768,-32768,-32768,-32768,-32768,-32768,-32768,-32768,-32768,-32768,-32768,-32768,-32768,-32768,-32768,-32768,-32768,-32768,-32768,-32768,-32768,-32768,-32768,-32768,-32768,-32768,-32768,-32768,-32768,-32768,-32768,-32768,-32768,-32768,-32768,-32768,-32768,-32768,-32768,-32768,-32768,-32768,-32768,-32768,-32768,-32768,-32768,-32768,-32768,-32768,-32768,-32768,-32768,-32768,-32768,-32768,-32768,-32768,-32768,-32768,-32768,-32768,-32768,-32768,-32768,-32768,-32768,-32768,-32768,-32768,-32768,-32768,-32768,-32768,-32768,-32768,-32768,-32768,-32768,-32768,-32768,-32768,-32768,-32768,-32768,-32768,-32768,-32768,-32768,-32768,-32768,-32768,-32768,-32768,-32768,-32768,-32768,-32768,-32768,-32768,-32768,-32768,-32768,-32768,-32768,-32768,-32768,-32768,  -180,  -173,  -173,  -167,  -152,  -145,  -130,  -136,  -147,  -157,  -177,  -180,  -180,
  -180,  -176,  -167,  -170,  -180,  -180,  -180,  -180,  -180,  -180,  -180,  -180,  -180,  -180,  -180,  -180,  -180,  -180,  -180,  -177,  -180,  -180,  -180,  -180,  -180,  -180,  -180,  -180,  -180,  -178,  -175,  -168,  -162,  -160,  -156,  -156,  -153,  -159,  -163,  -155,  -146,  -137,  -144,  -157,  -129,  -113,  -112,-32768,-32768,-32768,-32768,-32768,-32768,-32768,-32768,-32768,-32768,-32768,-32768,-32768,-32768,-32768,-32768,-32768,-32768,-32768,-32768,-32768,-32768,-32768,-32768,-32768,-32768,-32768,-32768,   -99,   -67,  -119,-32768,-32768,-32768,-32768,-32768,-32768,-32768,-32768,-32768,-32768,-32768,-32768,-32768,-32768,-32768,-32768,-32768,-32768,-32768,-32768,-32768,-32768,-32768,-32768,-32768,-32768,-32768,-32768,-32768,-32768,-32768,-32768,-32768,-32768,-32768,-32768,-32768,-32768,-32768,-32768,-32768,   -64,   -76,  -113,  -125,  -137,  -137,  -162,  -161,  -180,  -180,  -180,  -180,  -180,  -180,  -180,  -180,  -180,  -171,  -158,  -155,  -167,  -180,  -180,  -180,  -180,  -180,  -180,  -180,  -180,  -180,  -180,  -177,  -173,  -161,  -146,  -130,  -122,  -117,-32768,-32768,-32768,-32768,-32768,-32768,-32768,-32768,-32768,-32768,-32768,-32768,-32768,-32768,-32768,-32768,-32768,-32768,-32768,-32768,-32768,-32768,-32768,-32768,-32768,-32768,-32768,-32768,-32768,-32768,-32768,-32768,-32768,-32768,-32768,-32768,-32768,-32768,-32768,-32768,-32768,-32768,-32768,-32768,-32768,-32768,-32768,-32768,-32768,-32768,-32768,-32768,-32768,-32768,-32768,-32768,-32768,-32768,-32768,-32768,-32768,-32768,-32768,-32768,-32768,-32768,-32768,-32768,-32768,-32768,-32768,-32768,-32768,-32768,-32768,-32768,-32768,-32768,-32768,-32768,-32768,-32768,-32768,-32768,-32768,-32768,-32768,-32768,-32768,-32768,-32768,-32768,-32768,-32768,-32768,-32768,-32768,-32768,-32768,-32768,-32768,-32768,-32768,-32768,-32768,-32768,-32768,-32768,-32768,-32768,-32768,-32768,-32768,-32768,-32768,-32768,-32768,-32768,-32768,-32768,-32768,-32768,-32768,-32768,-32768,-32768,-32768,-32768,-32768,-32768,-32768,-32768,-32768,-32768,-32768,-32768,-32768,-32768,-32768,-32768,-32768,-32768,-32768,-32768,-32768,-32768,-32768,-32768,-32768,-32768,-32768,-32768,-32768,-32768,-32768,-32768,-32768,-32768,-32768,-32768,-32768,-32768,-32768,-32768,-32768,-32768,-32768,-32768,-32768,-32768,-32768,-32768,-32768,-32768,-32768,-32768,-32768,-32768,-32768,-32768,-32768,-32768,-32768,-32768,-32768,-32768,-32768,-32768,   -97,  -138,  -159,  -180,  -173,  -174,  -170,  -168,  -167,  -171,  -171,  -172,  -177,  -180,  -180,
  -180,  -180,  -180,  -180,  -180,  -180,  -180,  -180,  -180,  -180,  -180,  -180,  -180,  -180,  -180,  -180,  -180,  -180,  -180,  -180,  -180,  -180,  -180,  -180,  -180,  -180,  -180,  -180,  -167,  -152,  -140,  -132,  -137,  -149,  -153,  -158,  -162,  -166,  -171,-32768,-32768,-32768,-32768,-32768,-32768,-32768,-32768,-32768,-32768,-32768,-32768,-32768,-32768,-32768,-32768,-32768,-32768,-32768,-32768,-32768,-32768,-32768,-32768,-32768,-32768,-32768,-32768,-32768,-32768,-32768,-32768,-32768,-32768,-32768,-32768,-32768,-32768,-32768,-32768,-32768,-32768,-32768,-32768,-32768,-32768,-32768,-32768,-32768,-32768,-32768,-32768,-32768,-32768,-32768,-32768,-32768,-32768,-32768,-32768,-32768,-32768,-32768,-32768,-32768,-32768,-32768,-32768,-32768,-32768,-32768,-32768,-32768,-32768,-32768,-32768,-32768,-32768,-32768,-32768,-32768,-32768,   -42,   -56,   -89,   -76,   -97,  -117,  -157,  -175,  -180,  -180,  -180,  -176,  -158,  -141,  -122,  -116,  -117,  -116,  -152,  -168,  -180,  -180,  -180,  -180,  -180,  -180,  -180,  -180,  -180,  -174,  -149,  -139,  -135,-32768,-32768,-32768,-32768,-32768,-32768,-32768,-32768,-32768,-32768,-32768,-32768,-32768,-32768,-32768,-32768,-32768,-32768,-32768,-32768,-32768,-32768,-32768,-32768,-32768,-32768,-32768,-32768,-32768,-32768,-32768,-32768,-32768,-32768,-32768,-32768,-32768,-32768,-32768,-32768,-32768,-32768,-32768,-32768,-32768,-32768,-32768,-32768,-32768,-32768,-32768,-32768,-32768,-32768,-32768,-32768,-32768,-32768,-32768,-32768,-32768,-32768,-32768,-32768,-32768,-32768,-32768,-32768,-32768,-32768,-32768,-32768,-32768,-32768,-32768,-32768,-32768,-32768,-32768,-32768,-32768,-32768,-32768,-32768,-32768,-32768,-32768,-32768,-32768,-32768,-32768,-32768,-32768,-32768,-32768,-32768,-32768,-32768,-32768,-32768,-32768,-32768,-32768,-32768,-32768,-32768,-32768,-32768,-32768,-32768,-32768,-32768,-32768,-32768,-32768,-32768,-32768,-32768,-32768,-32768,-32768,-32768,-32768,-32768,-32768,-32768,-32768,-32768,-32768,-32768,-32768,-32768,-32768,-32768,-32768,-32768,-32768,-32768,-32768,-32768,-32768,-32768,-32768,-32768,-32768,-32768,-32768,-32768,-32768,-32768,-32768,-32768,-32768,-32768,-32768,-32768,-32768,-32768,-32768,-32768,-32768,-32768,-32768,-32768,-32768,-32768,-32768,-32768,-32768,-32768,-32768,-32768,-32768,-32768,-32768,-32768,-32768,-32768,-32768,-32768,-32768,-32768,-32768,-32768,-32768,-32768,-32768,-32768,-32768,  -136,  -133,  -129,  -141,  -147,  -160,  -163,  -164,  -161,  -159,  -161,  -165,  -168,  -175,  -180,  -180,  -180,
  -180,  -180,  -180,  -180,  -180,  -180,  -180,  -180,  -180,  -180,  -180,  -180,  -180,  -180,  -180,  -180,  -180,  -180,  -180,  -180,  -171,  -159,  -161,  -175,  -180,  -172,  -161,  -158,  -160,-32768,-32768,-32768,-32768,-32768,-32768,-32768,-32768,-32768,-32768,-32768,-32768,-32768,-32768,-32768,-32768,-32768,-32768,-32768,-32768,-32768,-32768,-32768,-32768,-32768,-32768,-32768,-32768,-32768,-32768,-32768,-32768,-32768,-32768,-32768,-32768,-32768,-32768,-32768,-32768,-32768,-32768,-32768,-32768,-32768,-32768,-32768,-32768,-32768,-32768,-32768,-32768,-32768,-32768,-32768,-32768,-32768,-32768,-32768,-32768,-32768,-32768,-32768,-32768,-32768,-32768,-32768,-32768,-32768,-32768,-32768,-32768,-32768,-32768,-32768,-32768,-32768,-32768,-32768,-32768,-32768,-32768,-32768,-32768,-32768,-32768,-32768,-32768,-32768,-32768,-32768,-32768,-32768,-32768,-32768,-32768,  -112,  -112,   -88,  -122,  -148,  -164,  -180,  -180,  -180,  -153,  -150,  -154,  -171,  -180,  -180,  -180,  -180, -1000, -1000,  -180,  -180,  -180,  -180,  -169,  -155,  -150,-32768,-32768,-32768,-32768,-32768,-32768,-32768,-32768,-32768,-32768,-32768,-32768,-32768,-32768,-32768,-32768,-32768,-32768,-32768,-32768,-32768,-32768,-32768,-32768,-32768,-32768,-32768,-32768,-32768,-32768,-32768,-32768,-32768,-32768,-32768,-32768,-32768,-32768,-32768,-32768,-32768,-32768,-32768,-32768,-32768,-32768,-32768,-32768,-32768,-32768,-32768,-32768,-32768,-32768,-32768,-32768,-32768,-32768,-32768,-32768,-32768,-32768,-32768,-32768,-32768,-32768,-32768,-32768,-32768,-32768,-32768,-32768,-32768,-32768,-32768,-32768,-32768,-32768,-32768,-32768,-32768,-32768,-32768,-32768,-32768,-32768,-32768,-32768,-32768,-32768,-32768,-32768,-32768,-32768,-32768,-32768,-32768,-32768,-32768,-32768,-32768,-32768,-32768,-32768,-32768,-32768,-32768,-32768,-32768,-32768,-32768,-32768,-32768,-32768,-32768,-32768,-32768,-32768,-32768,-32768,-32768,-32768,-32768,-32768,-32768,-32768,-32768,-32768,-32768,-32768,-32768,-32768,-32768,-32768,-32768,-32768,-32768,-32768,-32768,-32768,-32768,-32768,-32768,-32768,-32768,-32768,-32768,-32768,-32768,-32768,-32768,-32768,-32768,-32768,-32768,-32768,-32768,-32768,-32768,-32768,-32768,-32768,-32768,-32768,-32768,-32768,-32768,-32768,-32768,-32768,-32768,-32768,-32768,-32768,-32768,-32768,-32768,-32768,-32768,-32768,-32768,-32768,-32768,-32768,-32768,-32768,-32768,-32768,-32768,-32768,-32768,-32768,  -155,  -136,  -134,  -141,  -144,  -139,  -129,  -126,  -128,  -137,  -142,  -162,  -171,  -175,  -180,  -180,  -180,
  -142,  -149,  -153,  -170,  -171,  -180,  -180,  -180,  -180,  -180,  -180,  -180,  -180,  -180,  -180,  -180,  -180,  -178,  -166,  -153,  -143,-32768,-32768,-32768,-32768,-32768,-32768,-32768,-32768,-32768,-32768,-32768,-32768,-32768,-32768,-32768,-32768,-32768,-32768,-32768,-32768,-32768,-32768,-32768,-32768,-32768,-32768,-32768,-32768,-32768,-32768,-32768,-32768,-32768,-32768,-32768,-32768,-32768,-32768,-32768,-32768,-32768,-32768,-32768,-32768,-32768,-32768,-32768,-32768,-32768,-32768,-32768,-32768,-32768,-32768,-32768,-32768,-32768,-32768,-32768,-32768,-32768,-32768,-32768,-32768,-32768,-32768,-32768,-32768,-32768,-32768,-32768,-32768,-32768,-32768,-32768,-32768,-32768,-32768,-32768,-32768,-32768,-32768,-32768,-32768,-32768,-32768,-32768,-32768,-32768,-32768,-32768,-32768,-32768,-32768,-32768,-32768,-32768,-32768,-32768,-32768,-32768,-32768,-32768,-32768,-32768,-32768,-32768,-32768,-32768,-32768,  -150,  -152,  -154,  -158,  -162,  -180,  -180,  -180,  -180,  -180,  -180,  -180,  -172,  -162,  -158,-32768,-32768,-32768,-32768,-32768,-32768,-32768,-32768,-32768,-32768,-32768,-32768,-32768,-32768,-32768,-32768,-32768,-32768,-32768,-32768,-32768,-32768,-32768,-32768,-32768,-32768,-32768,-32768,-32768,-32768,-32768,-32768,-32768,-32768,-32768,-32768,-32768,-32768,-32768,-32768,-32768,-32768,-32768,-32768,-32768,-32768,-32768,-32768,-32768,-32768,-32768,-32768,-32768,-32768,-32768,-32768,-32768,-32768,-32768,-32768,-32768,-32768,-32768,-32768,-32768,-32768,-32768,-32768,-32768,-32768,-32768,-32768,-32768,-32768,-32768,-32768,-32768,-32768,-32768,-32768,-32768,-32768,-32768,-32768,-32768,-32768,-32768,-32768,-32768,-32768,-32768,-32768,-32768,-32768,-32768,-32768,-32768,-32768,-32768,-32768,-32768,-32768,-32768,-32768,-32768,-32768,-32768,-32768,-32768,-32768,-32768,-32768,-32768,-32768,-32768,-32768,-32768,-32768,-32768,-32768,-32768,-32768,-32768,-32768,-32768,-32768,-32768,-32768,-32768,-32768,-32768,-32768,-32768,-32768,-32768,-32768,-32768,-32768,-32768,-32768,-32768,-32768,-32768,-32768,-32768,-32768,-32768,-32768,-32768,-32768,-32768,-32768,-32768,-32768,-32768,-32768,-32768,-32768,-32768,-32768,-32768,-32768,-32768,-32768,-32768,-32768,-32768,-32768,-32768,-32768,-32768,-32768,-32768,-32768,-32768,-32768,-32768,-32768,-32768,-32768,-32768,-32768,-32768,-32768,-32768,-32768,-32768,-32768,-32768,-32768,-32768,-32768,-32768,-32768,-32768,-32768,-32768,-32768,  -152,  -134,  -135,-32768,-32768,-32768,-32768,-32768,-32768,-32768,  -122,  -127,  -132,  -151,  -140,  -139,
-32768,-32768,-32768,-32768,-32768,-32768,-32768,-32768,-32768,-32768,-32768,-32768,-32768,-32768,  -180,-32768,-32768,-32768,-32768,-32768,-32768,-32768,-32768,-32768,-32768,-32768,-32768,-32768,-32768,-32768,-32768,-32768,-32768,-32768,-32768,-32768,-32768,-32768,-32768,-32768,-32768,-32768,-32768,-32768,-32768,-32768,-32768,-32768,-32768,-32768,-32768,-32768,-32768,-32768,-32768,-32768,-32768,-32768,-32768,-32768,-32768,-32768,-32768,-32768,-32768,-32768,-32768,-32768,-32768,-32768,-32768,-32768,-32768,-32768,-32768,-32768,-32768,-32768,-32768,-32768,-32768,-32768,-32768,-32768,-32768,-32768,-32768,-32768,-32768,-32768,-32768,-32768,-32768,-32768,-32768,-32768,-32768,-32768,-32768,-32768,-32768,-32768,-32768,-32768,-32768,-32768,-32768,-32768,-32768,-32768,-32768,-32768,-32768,-32768,-32768,-32768,-32768,-32768,-32768,-32768,-32768,-32768,-32768,-32768,-32768,-32768,-32768,-32768,-32768,-32768,-32768,-32768,-32768,-32768,-32768,-32768,-32768,-32768,-32768,-32768,-32768,-32768,-32768,-32768,-32768,-32768,-32768,-32768,-32768,-32768,-32768,-32768,-32768,-32768,-32768,-32768,-32768,-32768,-32768,-32768,-32768,-32768,-32768,-32768,-32768,-32768,-32768,-32768,-32768,-32768,-32768,-32768,-32768,-32768,-32768,-32768,-32768,-32768,-32768,-32768,-32768,-32768,-32768,-32768,-32768,-32768,-32768,-32768,-32768,-32768,-32768,-32768,-32768,-32768,-32768,-32768,-32768,-32768,-32768,-32768,-32768,-32768,-32768,-32768,-32768,-32768,-32768,-32768,-32768,-32768,-32768,-32768,-32768,-32768,-32768,-32768,-32768,-32768,-32768,-32768,-32768,-32768,-32768,-32768,-32768,-32768,-32768,-32768,-32768,-32768,-32768,-32768,-32768,-32768,-32768,-32768,-32768,-32768,-32768,-32768,-32768,-32768,-32768,-32768,-32768,-32768,-32768,-32768,-32768,-32768,-32768,-32768,-32768,-32768,-32768,-32768,-32768,-32768,-32768,-32768,-32768,-32768,-32768,-32768,-32768,-32768,-32768,-32768,-32768,-32768,-32768,-32768,-32768,-32768,-32768,-32768,-32768,-32768,-32768,-32768,-32768,-32768,-32768,-32768,-32768,-32768,-32768,-32768,-32768,-32768,-32768,-32768,-32768,-32768,-32768,-32768,-32768,-32768,-32768,-32768,-32768,-32768,-32768,-32768,-32768,-32768,-32768,-32768,-32768,-32768,-32768,-32768,-32768,-32768,-32768,-32768,-32768,-32768,-32768,-32768,-32768,-32768,-32768,-32768,-32768,-32768,-32768,-32768,-32768,-32768,-32768,-32768,-32768,-32768,-32768,-32768,-32768,-32768,-32768,-32768,-32768,-32768,-32768,-32768,-32768,-32768,-32768,-32768,-32768,-32768,-32768,-32768,-32768,-32768,-32768,-32768,-32768,-32768,-32768,-32768,
-32768,-32768,-32768,-32768,-32768,-32768,-32768,-32768,-32768,-32768,-32768,-32768,-32768,-32768,-32768,-32768,-32768,-32768,-32768,-32768,-32768,-32768,-32768,-32768,-32768,-32768,-32768,-32768,-32768,-32768,-32768,-32768,-32768,-32768,-32768,-32768,-32768,-32768,-32768,-32768,-32768,-32768,-32768,-32768,-32768,-32768,-32768,-32768,-32768,-32768,-32768,-32768,-32768,-32768,-32768,-32768,-32768,-32768,-32768,-32768,-32768,-32768,-32768,-32768,-32768,-32768,-32768,-32768,-32768,-32768,-32768,-32768,-32768,-32768,-32768,-32768,-32768,-32768,-32768,-32768,-32768,-32768,-32768,-32768,-32768,-32768,-32768,-32768,-32768,-32768,-32768,-32768,-32768,-32768,-32768,-32768,-32768,-32768,-32768,-32768,-32768,-32768,-32768,-32768,-32768,-32768,-32768,-32768,-32768,-32768,-32768,-32768,-32768,-32768,-32768,-32768,-32768,-32768,-32768,-32768,-32768,-32768,-32768,-32768,-32768,-32768,-32768,-32768,-32768,-32768,-32768,-32768,-32768,-32768,-32768,-32768,-32768,-32768,-32768,-32768,-32768,-32768,-32768,-32768,-32768,-32768,-32768,-32768,-32768,-32768,-32768,-32768,-32768,-32768,-32768,-32768,-32768,-32768,-32768,-32768,-32768,-32768,-32768,-32768,-32768,-32768,-32768,-32768,-32768,-32768,-32768,-32768,-32768,-32768,-32768,-32768,-32768,-32768,-32768,-32768,-32768,-32768,-32768,-32768,-32768,-32768,-32768,-32768,-32768,-32768,-32768,-32768,-32768,-32768,-32768,-32768,-32768,-32768,-32768,-32768,-32768,-32768,-32768,-32768,-32768,-32768,-32768,-32768,-32768,-32768,-32768,-32768,-32768,-32768,-32768,-32768,-32768,-32768,-32768,-32768,-32768,-32768,-32768,-32768,-32768,-32768,-32768,-32768,-32768,-32768,-32768,-32768,-32768,-32768,-32768,-32768,-32768,-32768,-32768,-32768,-32768,-32768,-32768,-32768,-32768,-32768,-32768,-32768,-32768,-32768,-32768,-32768,-32768,-32768,-32768,-32768,-32768,-32768,-32768,-32768,-32768,-32768,-32768,-32768,-32768,-32768,-32768,-32768,-32768,-32768,-32768,-32768,-32768,-32768,-32768,-32768,-32768,-32768,-32768,-32768,-32768,-32768,-32768,-32768,-32768,-32768,-32768,-32768,-32768,-32768,-32768,-32768,-32768,-32768,-32768,-32768,-32768,-32768,-32768,-32768,-32768,-32768,-32768,-32768,-32768,-32768,-32768,-32768,-32768,-32768,-32768,-32768,-32768,-32768,-32768,-32768,-32768,-32768,-32768,-32768,-32768,-32768,-32768,-32768,-32768,-32768,-32768,-32768,-32768,-32768,-32768,-32768,-32768,-32768,-32768,-32768,-32768,-32768,-32768,-32768,-32768,-32768,-32768,-32768,-32768,-32768,-32768,-32768,-32768,-32768,-32768,-32768,-32768,-32768,-32768,-32768,-32768,-32768,-32768,-32768,
-32768,-32768,-32768,-32768,-32768,-32768,-32768,-32768,-32768,-32768,-32768,-32768,-32768,-32768,-32768,-32768,-32768,-32768,-32768,-32768,-32768,-32768,-32768,-32768,-32768,-32768,-32768,-32768,-32768,-32768,-32768,-32768,-32768,-32768,-32768,-32768,-32768,-32768,-32768,-32768,-32768,-32768,-32768,-32768,-32768,-32768,-32768,-32768,-32768,-32768,-32768,-32768,-32768,-32768,-32768,-32768,-32768,-32768,-32768,-32768,-32768,-32768,-32768,-32768,-32768,-32768,-32768,-32768,-32768,-32768,-32768,-32768,-32768,-32768,-32768,-32768,-32768,-32768,-32768,-32768,-32768,-32768,-32768,-32768,-32768,-32768,-32768,-32768,-32768,-32768,-32768,-32768,-32768,-32768,-32768,-32768,-32768,-32768,-32768,-32768,-32768,-32768,-32768,-32768,-32768,-32768,-32768,-32768,-32768,-32768,-32768,-32768,-32768,-32768,-32768,-32768,-32768,-32768,-32768,-32768,-32768,-32768,-32768,-32768,-32768,-32768,-32768,-32768,-32768,-32768,-32768,-32768,-32768,-32768,-32768,-32768,-32768,-32768,-32768,-32768,-32768,-32768,-32768,-32768,-32768,-32768,-32768,-32768,-32768,-32768,-32768,-32768,-32768,-32768,-32768,-32768,-32768,-32768,-32768,-32768,-32768,-32768,-32768,-32768,-32768,-32768,-32768,-32768,-32768,-32768,-32768,-32768,-32768,-32768,-32768,-32768,-32768,-32768,-32768,-32768,-32768,-32768,-32768,-32768,-32768,-32768,-32768,-32768,-32768,-32768,-32768,-32768,-32768,-32768,-32768,-32768,-32768,-32768,-32768,-32768,-32768,-32768,-32768,-32768,-32768,-32768,-32768,-32768,-32768,-32768,-32768,-32768,-32768,-32768,-32768,-32768,-32768,-32768,-32768,-32768,-32768,-32768,-32768,-32768,-32768,-32768,-32768,-32768,-32768,-32768,-32768,-32768,-32768,-32768,-32768,-32768,-32768,-32768,-32768,-32768,-32768,-32768,-32768,-32768,-32768,-32768,-32768,-32768,-32768,-32768,-32768,-32768,-32768,-32768,-32768,-32768,-32768,-32768,-32768,-32768,-32768,-32768,-32768,-32768,-32768,-32768,-32768,-32768,-32768,-32768,-32768,-32768,-32768,-32768,-32768,-32768,-32768,-32768,-32768,-32768,-32768,-32768,-32768,-32768,-32768,-32768,-32768,-32768,-32768,-32768,-32768,-32768,-32768,-32768,-32768,-32768,-32768,-32768,-32768,-32768,-32768,-32768,-32768,-32768,-32768,-32768,-32768,-32768,-32768,-32768,-32768,-32768,-32768,-32768,-32768,-32768,-32768,-32768,-32768,-32768,-32768,-32768,-32768,-32768,-32768,-32768,-32768,-32768,-32768,-32768,-32768,-32768,-32768,-32768,-32768,-32768,-32768,-32768,-32768,-32768,-32768,-32768,-32768,-32768,-32768,-32768,-32768,-32768,-32768,-32768,-32768,-32768,-32768,-32768,-32768,-32768,-32768,-32768,-32768,-32768,
-32768,-32768,-32768,-32768,-32768,-32768,-32768,-32768,-32768,-32768,-32768,-32768,-32768,-32768,-32768,-32768,-32768,-32768,-32768,-32768,-32768,-32768,-32768,-32768,-32768,-32768,-32768,-32768,-32768,-32768,-32768,-32768,-32768,-32768,-32768,-32768,-32768,-32768,-32768,-32768,-32768,-32768,-32768,-32768,-32768,-32768,-32768,-32768,-32768,-32768,-32768,-32768,-32768,-32768,-32768,-32768,-32768,-32768,-32768,-32768,-32768,-32768,-32768,-32768,-32768,-32768,-32768,-32768,-32768,-32768,-32768,-32768,-32768,-32768,-32768,-32768,-32768,-32768,-32768,-32768,-32768,-32768,-32768,-32768,-32768,-32768,-32768,-32768,-32768,-32768,-32768,-32768,-32768,-32768,-32768,-32768,-32768,-32768,-32768,-32768,-32768,-32768,-32768,-32768,-32768,-32768,-32768,-32768,-32768,-32768,-32768,-32768,-32768,-32768,-32768,-32768,-32768,-32768,-32768,-32768,-32768,-32768,-32768,-32768,-32768,-32768,-32768,-32768,-32768,-32768,-32768,-32768,-32768,-32768,-32768,-32768,-32768,-32768,-32768,-32768,-32768,-32768,-32768,-32768,-32768,-32768,-32768,-32768,-32768,-32768,-32768,-32768,-32768,-32768,-32768,-32768,-32768,-32768,-32768,-32768,-32768,-32768,-32768,-32768,-32768,-32768,-32768,-32768,-32768,-32768,-32768,-32768,-32768,-32768,-32768,-32768,-32768,-32768,-32768,-32768,-32768,-32768,-32768,-32768,-32768,-32768,-32768,-32768,-32768,-32768,-32768,-32768,-32768,-32768,-32768,-32768,-32768,-32768,-32768,-32768,-32768,-32768,-32768,-32768,-32768,-32768,-32768,-32768,-32768,-32768,-32768,-32768,-32768,-32768,-32768,-32768,-32768,-32768,-32768,-32768,-32768,-32768,-32768,-32768,-32768,-32768,-32768,-32768,-32768,-32768,-32768,-32768,-32768,-32768,-32768,-32768,-32768,-32768,-32768,-32768,-32768,-32768,-32768,-32768,-32768,-32768,-32768,-32768,-32768,-32768,-32768,-32768,-32768,-32768,-32768,-32768,-32768,-32768,-32768,-32768,-32768,-32768,-32768,-32768,-32768,-32768,-32768,-32768,-32768,-32768,-32768,-32768,-32768,-32768,-32768,-32768,-32768,-32768,-32768,-32768,-32768,-32768,-32768,-32768,-32768,-32768,-32768,-32768,-32768,-32768,-32768,-32768,-32768,-32768,-32768,-32768,-32768,-32768,-32768,-32768,-32768,-32768,-32768,-32768,-32768,-32768,-32768,-32768,-32768,-32768,-32768,-32768,-32768,-32768,-32768,-32768,-32768,-32768,-32768,-32768,-32768,-32768,-32768,-32768,-32768,-32768,-32768,-32768,-32768,-32768,-32768,-32768,-32768,-32768,-32768,-32768,-32768,-32768,-32768,-32768,-32768,-32768,-32768,-32768,-32768,-32768,-32768,-32768,-32768,-32768,-32768,-32768,-32768,-32768,-32768,-32768,-32768,-32768,-32768,-32768,
-32768,-32768,-32768,-32768,-32768,-32768,-32768,-32768,-32768,-32768,-32768,-32768,-32768,-32768,-32768,-32768,-32768,-32768,-32768,-32768,-32768,-32768,-32768,-32768,-32768,-32768,-32768,-32768,-32768,-32768,-32768,-32768,-32768,-32768,-32768,-32768,-32768,-32768,-32768,-32768,-32768,-32768,-32768,-32768,-32768,-32768,-32768,-32768,-32768,-32768,-32768,-32768,-32768,-32768,-32768,-32768,-32768,-32768,-32768,-32768,-32768,-32768,-32768,-32768,-32768,-32768,-32768,-32768,-32768,-32768,-32768,-32768,-32768,-32768,-32768,-32768,-32768,-32768,-32768,-32768,-32768,-32768,-32768,-32768,-32768,-32768,-32768,-32768,-32768,-32768,-32768,-32768,-32768,-32768,-32768,-32768,-32768,-32768,-32768,-32768,-32768,-32768,-32768,-32768,-32768,-32768,-32768,-32768,-32768,-32768,-32768,-32768,-32768,-32768,-32768,-32768,-32768,-32768,-32768,-32768,-32768,-32768,-32768,-32768,-32768,-32768,-32768,-32768,-32768,-32768,-32768,-32768,-32768,-32768,-32768,-32768,-32768,-32768,-32768,-32768,-32768,-32768,-32768,-32768,-32768,-32768,-32768,-32768,-32768,-32768,-32768,-32768,-32768,-32768,-32768,-32768,-32768,-32768,-32768,-32768,-32768,-32768,-32768,-32768,-32768,-32768,-32768,-32768,-32768,-32768,-32768,-32768,-32768,-32768,-32768,-32768,-32768,-32768,-32768,-32768,-32768,-32768,-32768,-32768,-32768,-32768,-32768,-32768,-32768,-32768,-32768,-32768,-32768,-32768,-32768,-32768,-32768,-32768,-32768,-32768,-32768,-32768,-32768,-32768,-32768,-32768,-32768,-32768,-32768,-32768,-32768,-32768,-32768,-32768,-32768,-32768,-32768,-32768,-32768,-32768,-32768,-32768,-32768,-32768,-32768,-32768,-32768,-32768,-32768,-32768,-32768,-32768,-32768,-32768,-32768,-32768,-32768,-32768,-32768,-32768,-32768,-32768,-32768,-32768,-32768,-32768,-32768,-32768,-32768,-32768,-32768,-32768,-32768,-32768,-32768,-32768,-32768,-32768,-32768,-32768,-32768,-32768,-32768,-32768,-32768,-32768,-32768,-32768,-32768,-32768,-32768,-32768,-32768,-32768,-32768,-32768,-32768,-32768,-32768,-32768,-32768,-32768,-32768,-32768,-32768,-32768,-32768,-32768,-32768,-32768,-32768,-32768,-32768,-32768,-32768,-32768,-32768,-32768,-32768,-32768,-32768,-32768,-32768,-32768,-32768,-32768,-32768,-32768,-32768,-32768,-32768,-32768,-32768,-32768,-32768,-32768,-32768,-32768,-32768,-32768,-32768,-32768,-32768,-32768,-32768,-32768,-32768,-32768,-32768,-32768,-32768,-32768,-32768,-32768,-32768,-32768,-32768,-32768,-32768,-32768,-32768,-32768,-32768,-32768,-32768,-32768,-32768,-32768,-32768,-32768,-32768,-32768,-32768,-32768,-32768,-32768,-32768,-32768,-32768,-32768,
-32768,-32768,-32768,-32768,-32768,-32768,-32768,-32768,-32768,-32768,-32768,-32768,-32768,-32768,-32768,-32768,-32768,-32768,-32768,-32768,-32768,-32768,-32768,-32768,-32768,-32768,-32768,-32768,-32768,-32768,-32768,-32768,-32768,-32768,-32768,-32768,-32768,-32768,-32768,-32768,-32768,-32768,-32768,-32768,-32768,-32768,-32768,-32768,-32768,-32768,-32768,-32768,-32768,-32768,-32768,-32768,-32768,-32768,-32768,-32768,-32768,-32768,-32768,-32768,-32768,-32768,-32768,-32768,-32768,-32768,-32768,-32768,-32768,-32768,-32768,-32768,-32768,-32768,-32768,-32768,-32768,-32768,-32768,-32768,-32768,-32768,-32768,-32768,-32768,-32768,-32768,-32768,-32768,-32768,-32768,-32768,-32768,-32768,-32768,-32768,-32768,-32768,-32768,-32768,-32768,-32768,-32768,-32768,-32768,-32768,-32768,-32768,-32768,-32768,-32768,-32768,-32768,-32768,-32768,-32768,-32768,-32768,-32768,-32768,-32768,-32768,-32768,-32768,-32768,-32768,-32768,-32768,-32768,-32768,-32768,-32768,-32768,-32768,-32768,-32768,-32768,-32768,-32768,-32768,-32768,-32768,-32768,-32768,-32768,-32768,-32768,-32768,-32768,-32768,-32768,-32768,-32768,-32768,-32768,-32768,-32768,-32768,-32768,-32768,-32768,-32768,-32768,-32768,-32768,-32768,-32768,-32768,-32768,-32768,-32768,-32768,-32768,-32768,-32768,-32768,-32768,-32768,-32768,-32768,-32768,-32768,-32768,-32768,-32768,-32768,-32768,-32768,-32768,-32768,-32768,-32768,-32768,-32768,-32768,-32768,-32768,-32768,-32768,-32768,-32768,-32768,-32768,-32768,-32768,-32768,-32768,-32768,-32768,-32768,-32768,-32768,-32768,-32768,-32768,-32768,-32768,-32768,-32768,-32768,-32768,-32768,-32768,-32768,-32768,-32768,-32768,-32768,-32768,-32768,-32768,-32768,-32768,-32768,-32768,-32768,-32768,-32768,-32768,-32768,-32768,-32768,-32768,-32768,-32768,-32768,-32768,-32768,-32768,-32768,-32768,-32768,-32768,-32768,-32768,-32768,-32768,-32768,-32768,-32768,-32768,-32768,-32768,-32768,-32768,-32768,-32768,-32768,-32768,-32768,-32768,-32768,-32768,-32768,-32768,-32768,-32768,-32768,-32768,-32768,-32768,-32768,-32768,-32768,-32768,-32768,-32768,-32768,-32768,-32768,-32768,-32768,-32768,-32768,-32768,-32768,-32768,-32768,-32768,-32768,-32768,-32768,-32768,-32768,-32768,-32768,-32768,-32768,-32768,-32768,-32768,-32768,-32768,-32768,-32768,-32768,-32768,-32768,-32768,-32768,-32768,-32768,-32768,-32768,-32768,-32768,-32768,-32768,-32768,-32768,-32768,-32768,-32768,-32768,-32768,-32768,-32768,-32768,-32768,-32768,-32768,-32768,-32768,-32768,-32768,-32768,-32768,-32768,-32768,-32768,-32768,-32768,-32768,-32768,-32768,-32768,
-32768,-32768,-32768,-32768,-32768,-32768,-32768,-32768,-32768,-32768,-32768,-32768,-32768,-32768,-32768,-32768,-32768,-32768,-32768,-32768,-32768,-32768,-32768,-32768,-32768,-32768,-32768,-32768,-32768,-32768,-32768,-32768,-32768,-32768,-32768,-32768,-32768,-32768,-32768,-32768,-32768,-32768,-32768,-32768,-32768,-32768,-32768,-32768,-32768,-32768,-32768,-32768,-32768,-32768,-32768,-32768,-32768,-32768,-32768,-32768,-32768,-32768,-32768,-32768,-32768,-32768,-32768,-32768,-32768,-32768,-32768,-32768,-32768,-32768,-32768,-32768,-32768,-32768,-32768,-32768,-32768,-32768,-32768,-32768,-32768,-32768,-32768,-32768,-32768,-32768,-32768,-32768,-32768,-32768,-32768,-32768,-32768,-32768,-32768,-32768,-32768,-32768,-32768,-32768,-32768,-32768,-32768,-32768,-32768,-32768,-32768,-32768,-32768,-32768,-32768,-32768,-32768,-32768,-32768,-32768,-32768,-32768,-32768,-32768,-32768,-32768,-32768,-32768,-32768,-32768,-32768,-32768,-32768,-32768,-32768,-32768,-32768,-32768,-32768,-32768,-32768,-32768,-32768,-32768,-32768,-32768,-32768,-32768,-32768,-32768,-32768,-32768,-32768,-32768,-32768,-32768,-32768,-32768,-32768,-32768,-32768,-32768,-32768,-32768,-32768,-32768,-32768,-32768,-32768,-32768,-32768,-32768,-32768,-32768,-32768,-32768,-32768,-32768,-32768,-32768,-32768,-32768,-32768,-32768,-32768,-32768,-32768,-32768,-32768,-32768,-32768,-32768,-32768,-32768,-32768,-32768,-32768,-32768,-32768,-32768,-32768,-32768,-32768,-32768,-32768,-32768,-32768,-32768,-32768,-32768,-32768,-32768,-32768,-32768,-32768,-32768,-32768,-32768,-32768,-32768,-32768,-32768,-32768,-32768,-32768,-32768,-32768,-32768,-32768,-32768,-32768,-32768,-32768,-32768,-32768,-32768,-32768,-32768,-32768,-32768,-32768,-32768,-32768,-32768,-32768,-32768,-32768,-32768,-32768,-32768,-32768,-32768,-32768,-32768,-32768,-32768,-32768,-32768,-32768,-32768,-32768,-32768,-32768,-32768,-32768,-32768,-32768,-32768,-32768,-32768,-32768,-32768,-32768,-32768,-32768,-32768,-32768,-32768,-32768,-32768,-32768,-32768,-32768,-32768,-32768,-32768,-32768,-32768,-32768,-32768,-32768,-32768,-32768,-32768,-32768,-32768,-32768,-32768,-32768,-32768,-32768,-32768,-32768,-32768,-32768,-32768,-32768,-32768,-32768,-32768,-32768,-32768,-32768,-32768,-32768,-32768,-32768,-32768,-32768,-32768,-32768,-32768,-32768,-32768,-32768,-32768,-32768,-32768,-32768,-32768,-32768,-32768,-32768,-32768,-32768,-32768,-32768,-32768,-32768,-32768,-32768,-32768,-32768,-32768,-32768,-32768,-32768,-32768,-32768,-32768,-32768,-32768,-32768,-32768,-32768,-32768,-32768,-32768,-32768,-32768,
-32768,-32768,-32768,-32768,-32768,-32768,-32768,-32768,-32768,-32768,-32768,-32768,-32768,-32768,-32768,-32768,-32768,-32768,-32768,-32768,-32768,-32768,-32768,-32768,-32768,-32768,-32768,-32768,-32768,-32768,-32768,-32768,-32768,-32768,-32768,-32768,-32768,-32768,-32768,-32768,-32768,-32768,-32768,-32768,-32768,-32768,-32768,-32768,-32768,-32768,-32768,-32768,-32768,-32768,-32768,-32768,-32768,-32768,-32768,-32768,-32768,-32768,-32768,-32768,-32768,-32768,-32768,-32768,-32768,-32768,-32768,-32768,-32768,-32768,-32768,-32768,-32768,-32768,-32768,-32768,-32768,-32768,-32768,-32768,-32768,-32768,-32768,-32768,-32768,-32768,-32768,-32768,-32768,-32768,-32768,-32768,-32768,-32768,-32768,-32768,-32768,-32768,-32768,-32768,-32768,-32768,-32768,-32768,-32768,-32768,-32768,-32768,-32768,-32768,-32768,-32768,-32768,-32768,-32768,-32768,-32768,-32768,-32768,-32768,-32768,-32768,-32768,-32768,-32768,-32768,-32768,-32768,-32768,-32768,-32768,-32768,-32768,-32768,-32768,-32768,-32768,-32768,-32768,-32768,-32768,-32768,-32768,-32768,-32768,-32768,-32768,-32768,-32768,-32768,-32768,-32768,-32768,-32768,-32768,-32768,-32768,-32768,-32768,-32768,-32768,-32768,-32768,-32768,-32768,-32768,-32768,-32768,-32768,-32768,-32768,-32768,-32768,-32768,-32768,-32768,-32768,-32768,-32768,-32768,-32768,-32768,-32768,-32768,-32768,-32768,-32768,-32768,-32768,-32768,-32768,-32768,-32768,-32768,-32768,-32768,-32768,-32768,-32768,-32768,-32768,-32768,-32768,-32768,-32768,-32768,-32768,-32768,-32768,-32768,-32768,-32768,-32768,-32768,-32768,-32768,-32768,-32768,-32768,-32768,-32768,-32768,-32768,-32768,-32768,-32768,-32768,-32768,-32768,-32768,-32768,-32768,-32768,-32768,-32768,-32768,-32768,-32768,-32768,-32768,-32768,-32768,-32768,-32768,-32768,-32768,-32768,-32768,-32768,-32768,-32768,-32768,-32768,-32768,-32768,-32768,-32768,-32768,-32768,-32768,-32768,-32768,-32768,-32768,-32768,-32768,-32768,-32768,-32768,-32768,-32768,-32768,-32768,-32768,-32768,-32768,-32768,-32768,-32768,-32768,-32768,-32768,-32768,-32768,-32768,-32768,-32768,-32768,-32768,-32768,-32768,-32768,-32768,-32768,-32768,-32768,-32768,-32768,-32768,-32768,-32768,-32768,-32768,-32768,-32768,-32768,-32768,-32768,-32768,-32768,-32768,-32768,-32768,-32768,-32768,-32768,-32768,-32768,-32768,-32768,-32768,-32768,-32768,-32768,-32768,-32768,-32768,-32768,-32768,-32768,-32768,-32768,-32768,-32768,-32768,-32768,-32768,-32768,-32768,-32768,-32768,-32768,-32768,-32768,-32768,-32768,-32768,-32768,-32768,-32768,-32768,-32768,-32768,-32768,-32768,-32768,
-32768,-32768,-32768,-32768,-32768,-32768,-32768,-32768,-32768,-32768,-32768,-32768,-32768,-32768,-32768,-32768,-32768,-32768,-32768,-32768,-32768,-32768,-32768,-32768,-32768,-32768,-32768,-32768,-32768,-32768,-32768,-32768,-32768,-32768,-32768,-32768,-32768,-32768,-32768,-32768,-32768,-32768,-32768,-32768,-32768,-32768,-32768,-32768,-32768,-32768,-32768,-32768,-32768,-32768,-32768,-32768,-32768,-32768,-32768,-32768,-32768,-32768,-32768,-32768,-32768,-32768,-32768,-32768,-32768,-32768,-32768,-32768,-32768,-32768,-32768,-32768,-32768,-32768,-32768,-32768,-32768,-32768,-32768,-32768,-32768,-32768,-32768,-32768,-32768,-32768,-32768,-32768,-32768,-32768,-32768,-32768,-32768,-32768,-32768,-32768,-32768,-32768,-32768,-32768,-32768,-32768,-32768,-32768,-32768,-32768,-32768,-32768,-32768,-32768,-32768,-32768,-32768,-32768,-32768,-32768,-32768,-32768,-32768,-32768,-32768,-32768,-32768,-32768,-32768,-32768,-32768,-32768,-32768,-32768,-32768,-32768,-32768,-32768,-32768,-32768,-32768,-32768,-32768,-32768,-32768,-32768,-32768,-32768,-32768,-32768,-32768,-32768,-32768,-32768,-32768,-32768,-32768,-32768,-32768,-32768,-32768,-32768,-32768,-32768,-32768,-32768,-32768,-32768,-32768,-32768,-32768,-32768,-32768,-32768,-32768,-32768,-32768,-32768,-32768,-32768,-32768,-32768,-32768,-32768,-32768,-32768,-32768,-32768,-32768,-32768,-32768,-32768,-32768,-32768,-32768,-32768,-32768,-32768,-32768,-32768,-32768,-32768,-32768,-32768,-32768,-32768,-32768,-32768,-32768,-32768,-32768,-32768,-32768,-32768,-32768,-32768,-32768,-32768,-32768,-32768,-32768,-32768,-32768,-32768,-32768,-32768,-32768,-32768,-32768,-32768,-32768,-32768,-32768,-32768,-32768,-32768,-32768,-32768,-32768,-32768,-32768,-32768,-32768,-32768,-32768,-32768,-32768,-32768,-32768,-32768,-32768,-32768,-32768,-32768,-32768,-32768,-32768,-32768,-32768,-32768,-32768,-32768,-32768,-32768,-32768,-32768,-32768,-32768,-32768,-32768,-32768,-32768,-32768,-32768,-32768,-32768,-32768,-32768,-32768,-32768,-32768,-32768,-32768,-32768,-32768,-32768,-32768,-32768,-32768,-32768,-32768,-32768,-32768,-32768,-32768,-32768,-32768,-32768,-32768,-32768,-32768,-32768,-32768,-32768,-32768,-32768,-32768,-32768,-32768,-32768,-32768,-32768,-32768,-32768,-32768,-32768,-32768,-32768,-32768,-32768,-32768,-32768,-32768,-32768,-32768,-32768,-32768,-32768,-32768,-32768,-32768,-32768,-32768,-32768,-32768,-32768,-32768,-32768,-32768,-32768,-32768,-32768,-32768,-32768,-32768,-32768,-32768,-32768,-32768,-32768,-32768,-32768,-32768,-32768,-32768,-32768,-32768,-32768,-32768,-32768,
-32768,-32768,-32768,-32768,-32768,-32768,-32768,-32768,-32768,-32768,-32768,-32768,-32768,-32768,-32768,-32768,-32768,-32768,-32768,-32768,-32768,-32768,-32768,-32768,-32768,-32768,-32768,-32768,-32768,-32768,-32768,-32768,-32768,-32768,-32768,-32768,-32768,-32768,-32768,-32768,-32768,-32768,-32768,-32768,-32768,-32768,-32768,-32768,-32768,-32768,-32768,-32768,-32768,-32768,-32768,-32768,-32768,-32768,-32768,-32768,-32768,-32768,-32768,-32768,-32768,-32768,-32768,-32768,-32768,-32768,-32768,-32768,-32768,-32768,-32768,-32768,-32768,-32768,-32768,-32768,-32768,-32768,-32768,-32768,-32768,-32768,-32768,-32768,-32768,-32768,-32768,-32768,-32768,-32768,-32768,-32768,-32768,-32768,-32768,-32768,-32768,-32768,-32768,-32768,-32768,-32768,-32768,-32768,-32768,-32768,-32768,-32768,-32768,-32768,-32768,-32768,-32768,-32768,-32768,-32768,-32768,-32768,-32768,-32768,-32768,-32768,-32768,-32768,-32768,-32768,-32768,-32768,-32768,-32768,-32768,-32768,-32768,-32768,-32768,-32768,-32768,-32768,-32768,-32768,-32768,-32768,-32768,-32768,-32768,-32768,-32768,-32768,-32768,-32768,-32768,-32768,-32768,-32768,-32768,-32768,-32768,-32768,-32768,-32768,-32768,-32768,-32768,-32768,-32768,-32768,-32768,-32768,-32768,-32768,-32768,-32768,-32768,-32768,-32768,-32768,-32768,-32768,-32768,-32768,-32768,-32768,-32768,-32768,-32768,-32768,-32768,-32768,-32768,-32768,-32768,-32768,-32768,-32768,-32768,-32768,-32768,-32768,-32768,-32768,-32768,-32768,-32768,-32768,-32768,-32768,-32768,-32768,-32768,-32768,-32768,-32768,-32768,-32768,-32768,-32768,-32768,-32768,-32768,-32768,-32768,-32768,-32768,-32768,-32768,-32768,-32768,-32768,-32768,-32768,-32768,-32768,-32768,-32768,-32768,-32768,-32768,-32768,-32768,-32768,-32768,-32768,-32768,-32768,-32768,-32768,-32768,-32768,-32768,-32768,-32768,-32768,-32768,-32768,-32768,-32768,-32768,-32768,-32768,-32768,-32768,-32768,-32768,-32768,-32768,-32768,-32768,-32768,-32768,-32768,-32768,-32768,-32768,-32768,-32768,-32768,-32768,-32768,-32768,-32768,-32768,-32768,-32768,-32768,-32768,-32768,-32768,-32768,-32768,-32768,-32768,-32768,-32768,-32768,-32768,-32768,-32768,-32768,-32768,-32768,-32768,-32768,-32768,-32768,-32768,-32768,-32768,-32768,-32768,-32768,-32768,-32768,-32768,-32768,-32768,-32768,-32768,-32768,-32768,-32768,-32768,-32768,-32768,-32768,-32768,-32768,-32768,-32768,-32768,-32768,-32768,-32768,-32768,-32768,-32768,-32768,-32768,-32768,-32768,-32768,-32768,-32768,-32768,-32768,-32768,-32768,-32768,-32768,-32768,-32768,-32768,-32768,-32768,-32768,-32768,-32768,
-32768,-32768,-32768,-32768,-32768,-32768,-32768,-32768,-32768,-32768,-32768,-32768,-32768,-32768,-32768,-32768,-32768,-32768,-32768,-32768,-32768,-32768,-32768,-32768,-32768,-32768,-32768,-32768,-32768,-32768,-32768,-32768,-32768,-32768,-32768,-32768,-32768,-32768,-32768,-32768,-32768,-32768,-32768,-32768,-32768,-32768,-32768,-32768,-32768,-32768,-32768,-32768,-32768,-32768,-32768,-32768,-32768,-32768,-32768,-32768,-32768,-32768,-32768,-32768,-32768,-32768,-32768,-32768,-32768,-32768,-32768,-32768,-32768,-32768,-32768,-32768,-32768,-32768,-32768,-32768,-32768,-32768,-32768,-32768,-32768,-32768,-32768,-32768,-32768,-32768,-32768,-32768,-32768,-32768,-32768,-32768,-32768,-32768,-32768,-32768,-32768,-32768,-32768,-32768,-32768,-32768,-32768,-32768,-32768,-32768,-32768,-32768,-32768,-32768,-32768,-32768,-32768,-32768,-32768,-32768,-32768,-32768,-32768,-32768,-32768,-32768,-32768,-32768,-32768,-32768,-32768,-32768,-32768,-32768,-32768,-32768,-32768,-32768,-32768,-32768,-32768,-32768,-32768,-32768,-32768,-32768,-32768,-32768,-32768,-32768,-32768,-32768,-32768,-32768,-32768,-32768,-32768,-32768,-32768,-32768,-32768,-32768,-32768,-32768,-32768,-32768,-32768,-32768,-32768,-32768,-32768,-32768,-32768,-32768,-32768,-32768,-32768,-32768,-32768,-32768,-32768,-32768,-32768,-32768,-32768,-32768,-32768,-32768,-32768,-32768,-32768,-32768,-32768,-32768,-32768,-32768,-32768,-32768,-32768,-32768,-32768,-32768,-32768,-32768,-32768,-32768,-32768,-32768,-32768,-32768,-32768,-32768,-32768,-32768,-32768,-32768,-32768,-32768,-32768,-32768,-32768,-32768,-32768,-32768,-32768,-32768,-32768,-32768,-32768,-32768,-32768,-32768,-32768,-32768,-32768,-32768,-32768,-32768,-32768,-32768,-32768,-32768,-32768,-32768,-32768,-32768,-32768,-32768,-32768,-32768,-32768,-32768,-32768,-32768,-32768,-32768,-32768,-32768,-32768,-32768,-32768,-32768,-32768,-32768,-32768,-32768,-32768,-32768,-32768,-32768,-32768,-32768,-32768,-32768,-32768,-32768,-32768,-32768,-32768,-32768,-32768,-32768,-32768,-32768,-32768,-32768,-32768,-32768,-32768,-32768,-32768,-32768,-32768,-32768,-32768,-32768,-32768,-32768,-32768,-32768,-32768,-32768,-32768,-32768,-32768,-32768,-32768,-32768,-32768,-32768,-32768,-32768,-32768,-32768,-32768,-32768,-32768,-32768,-32768,-32768,-32768,-32768,-32768,-32768,-32768,-32768,-32768,-32768,-32768,-32768,-32768,-32768,-32768,-32768,-32768,-32768,-32768,-32768,-32768,-32768,-32768,-32768,-32768,-32768,-32768,-32768,-32768,-32768,-32768,-32768,-32768,-32768,-32768,-32768,-32768,-32768,-32768,-32768,-32768,-32768,
-32768,-32768,-32768,-32768,-32768,-32768,-32768,-32768,-32768,-32768,-32768,-32768,-32768,-32768,-32768,-32768,-32768,-32768,-32768,-32768,-32768,-32768,-32768,-32768,-32768,-32768,-32768,-32768,-32768,-32768,-32768,-32768,-32768,-32768,-32768,-32768,-32768,-32768,-32768,-32768,-32768,-32768,-32768,-32768,-32768,-32768,-32768,-32768,-32768,-32768,-32768,-32768,-32768,-32768,-32768,-32768,-32768,-32768,-32768,-32768,-32768,-32768,-32768,-32768,-32768,-32768,-32768,-32768,-32768,-32768,-32768,-32768,-32768,-32768,-32768,-32768,-32768,-32768,-32768,-32768,-32768,-32768,-32768,-32768,-32768,-32768,-32768,-32768,-32768,-32768,-32768,-32768,-32768,-32768,-32768,-32768,-32768,-32768,-32768,-32768,-32768,-32768,-32768,-32768,-32768,-32768,-32768,-32768,-32768,-32768,-32768,-32768,-32768,-32768,-32768,-32768,-32768,-32768,-32768,-32768,-32768,-32768,-32768,-32768,-32768,-32768,-32768,-32768,-32768,-32768,-32768,-32768,-32768,-32768,-32768,-32768,-32768,-32768,-32768,-32768,-32768,-32768,-32768,-32768,-32768,-32768,-32768,-32768,-32768,-32768,-32768,-32768,-32768,-32768,-32768,-32768,-32768,-32768,-32768,-32768,-32768,-32768,-32768,-32768,-32768,-32768,-32768,-32768,-32768,-32768,-32768,-32768,-32768,-32768,-32768,-32768,-32768,-32768,-32768,-32768,-32768,-32768,-32768,-32768,-32768,-32768,-32768,-32768,-32768,-32768,-32768,-32768,-32768,-32768,-32768,-32768,-32768,-32768,-32768,-32768,-32768,-32768,-32768,-32768,-32768,-32768,-32768,-32768,-32768,-32768,-32768,-32768,-32768,-32768,-32768,-32768,-32768,-32768,-32768,-32768,-32768,-32768,-32768,-32768,-32768,-32768,-32768,-32768,-32768,-32768,-32768,-32768,-32768,-32768,-32768,-32768,-32768,-32768,-32768,-32768,-32768,-32768,-32768,-32768,-32768,-32768,-32768,-32768,-32768,-32768,-32768,-32768,-32768,-32768,-32768,-32768,-32768,-32768,-32768,-32768,-32768,-32768,-32768,-32768,-32768,-32768,-32768,-32768,-32768,-32768,-32768,-32768,-32768,-32768,-32768,-32768,-32768,-32768,-32768,-32768,-32768,-32768,-32768,-32768,-32768,-32768,-32768,-32768,-32768,-32768,-32768,-32768,-32768,-32768,-32768,-32768,-32768,-32768,-32768,-32768,-32768,-32768,-32768,-32768,-32768,-32768,-32768,-32768,-32768,-32768,-32768,-32768,-32768,-32768,-32768,-32768,-32768,-32768,-32768,-32768,-32768,-32768,-32768,-32768,-32768,-32768,-32768,-32768,-32768,-32768,-32768,-32768,-32768,-32768,-32768,-32768,-32768,-32768,-32768,-32768,-32768,-32768,-32768,-32768,-32768,-32768,-32768,-32768,-32768,-32768,-32768,-32768,-32768,-32768,-32768,-32768,-32768,-32768,-32768,-32768,
